# # # # # # # # # # # # # # # # # # # # # # # # # 
## MCMC chain summary ## 
# # # # # # # # # # # # # # # # # # # # # # # # # 
 
# MCMC sampler:  DREAMzs 
# Nr. Chains:  9 
# Iterations per chain:  8000 
# Rejection rate:  0.988 
# Effective sample size:  87 
# Runtime:  307.5  sec. 
 
# Parameters
             psf    MAP   2.5% median  97.5%
LOG10CLVI  1.081  1.007  0.781  0.999  1.193
LOG10CRESI 1.135  1.398  0.337  1.075  1.634
LOG10CRTI  1.379  1.166  0.792  1.161  1.334
LOG10LAII  1.145 -1.192 -1.640 -1.049 -0.450
TILTOTI    1.075  0.715  0.500  0.908  1.377
AGEH       1.127  0.957  0.563  0.789  1.144
CLAIV      1.151  0.863  0.620  0.876  1.186
COCRESMX   1.256  1.629  1.133  1.515  1.698
CSTAVM     1.131  0.730  0.353  0.813  1.311
DAYLB      1.167  1.001  0.836  0.964  1.069
DAYLG1G2   1.123  0.995  0.927  1.020  1.090
DAYLGEA    1.120  1.264  0.462  1.045  1.640
DAYLP      1.027  1.056  0.953  1.081  1.163
DAYLRV     1.726  0.749  0.691  0.765  0.923
DLMXGE     1.108  1.048  1.001  1.033  1.056
FCOCRESMN  1.274  0.505  0.075  0.577  1.186
FSLAMIN    1.512  0.757  0.652  0.849  1.107
FWCFC      1.084  1.128  0.985  1.095  1.185
FWCWP      1.179  0.855  0.685  1.034  1.438
HAGERE     1.191  1.041  0.928  1.041  1.160
KAGE       1.169  0.349  0.046  0.397  1.150
KCRT       1.211  0.940  0.419  0.851  1.416
KLAI       1.264  1.132  0.670  0.988  1.314
KLUETILG   1.301  1.092  0.445  1.005  1.655
KRESPHARD  1.108  0.299  0.100  0.472  1.107
LAICR      1.122  1.012  0.807  0.954  1.096
LAIEFT     1.113  1.005  0.585  0.891  1.278
LAITIL     1.085  1.238  0.846  1.096  1.263
LFWIDG     1.112  0.571  0.200  0.391  0.849
LFWIDV     1.151  0.232  0.193  0.296  0.578
LSHAPE     1.174  1.098  0.683  1.116  1.480
NELLVM     1.194  0.701  0.530  0.650  0.869
PHENCR     1.088  1.085  0.571  1.023  1.400
PHY        1.085  1.146  0.838  1.211  1.520
RDRROOT    1.167  0.439  0.212  0.473  1.116
RDRSCO     1.205  0.441  0.202  0.545  1.187
RDRSMX     1.301  1.164  0.506  0.920  1.410
RDRTEM     1.166  0.855  0.578  0.938  1.295
RDRTMIN    1.164  0.942  0.242  0.913  1.486
RGENMX     1.292  0.982  0.496  0.833  1.255
RGRTG1G2   1.073  1.225  0.476  1.164  1.596
ROOTDM     1.123  0.844  0.445  0.778  1.185
RRDMAX     1.144  1.261  0.548  1.035  1.532
RUBISC     1.276  0.577  0.382  0.550  0.752
SIMAX1T    1.068  0.915  0.713  0.922  1.225
SLAMAX     1.096  1.212  0.909  1.098  1.240
TBASE      1.096  1.301  0.716  1.102  1.412
TCRES      1.189  0.925  0.535  0.866  1.227
TOPTGE     1.178  1.044  0.872  1.044  1.189
TRANCO     1.168  0.996  0.555  0.870  1.292
TVERN      1.089  0.724  0.628  0.853  1.109
TVERND     1.124  0.954  0.794  0.987  1.198
VERNDI     1.141  0.833  0.030  0.954  1.919
YG         1.134  0.870  0.781  0.925  1.119
WCST       1.199  0.978  0.885  0.976  1.096

## DIC:  691.779 
## Convergence 
 Gelman Rubin multivariate psrf:  3.292 
 
## Correlations 
           LOG10CLVI LOG10CRESI LOG10CRTI LOG10LAII TILTOTI   AGEH  CLAIV COCRESMX CSTAVM  DAYLB DAYLG1G2
LOG10CLVI      1.000      0.078     0.191    -0.132   0.018  0.007 -0.007   -0.029  0.079  0.035    0.112
LOG10CRESI     0.078      1.000     0.095    -0.011   0.026 -0.016  0.033    0.092  0.004  0.071   -0.052
LOG10CRTI      0.191      0.095     1.000    -0.023   0.092  0.041  0.241    0.007  0.069 -0.079   -0.150
LOG10LAII     -0.132     -0.011    -0.023     1.000   0.053  0.176  0.003   -0.104 -0.115  0.037    0.035
TILTOTI        0.018      0.026     0.092     0.053   1.000  0.030  0.018   -0.056  0.095 -0.042    0.189
AGEH           0.007     -0.016     0.041     0.176   0.030  1.000  0.210   -0.024 -0.005 -0.092   -0.080
CLAIV         -0.007      0.033     0.241     0.003   0.018  0.210  1.000    0.047 -0.025 -0.259   -0.122
COCRESMX      -0.029      0.092     0.007    -0.104  -0.056 -0.024  0.047    1.000 -0.041 -0.142   -0.010
CSTAVM         0.079      0.004     0.069    -0.115   0.095 -0.005 -0.025   -0.041  1.000  0.003   -0.129
DAYLB          0.035      0.071    -0.079     0.037  -0.042 -0.092 -0.259   -0.142  0.003  1.000    0.199
DAYLG1G2       0.112     -0.052    -0.150     0.035   0.189 -0.080 -0.122   -0.010 -0.129  0.199    1.000
DAYLGEA        0.104     -0.098     0.117     0.021  -0.030 -0.028 -0.045   -0.083  0.113 -0.139    0.067
DAYLP          0.087      0.055     0.113    -0.310   0.007  0.134  0.121    0.006  0.058 -0.218   -0.039
DAYLRV         0.124      0.064    -0.054    -0.043   0.218  0.052 -0.178   -0.210  0.214  0.203    0.185
DLMXGE         0.008     -0.153    -0.114    -0.046  -0.085  0.086 -0.026    0.096 -0.119 -0.276    0.024
FCOCRESMN     -0.036      0.040     0.055    -0.358  -0.097 -0.125  0.093    0.102 -0.004 -0.103   -0.088
FSLAMIN        0.088      0.034    -0.010    -0.275  -0.033 -0.007  0.190    0.147  0.263 -0.173   -0.219
FWCFC         -0.133      0.070    -0.058     0.046  -0.107 -0.033 -0.079    0.235 -0.183 -0.050   -0.144
           DAYLGEA  DAYLP DAYLRV DLMXGE FCOCRESMN FSLAMIN  FWCFC  FWCWP HAGERE   KAGE   KCRT   KLAI
LOG10CLVI    0.104  0.087  0.124  0.008    -0.036   0.088 -0.133  0.027  0.060 -0.030  0.016 -0.096
LOG10CRESI  -0.098  0.055  0.064 -0.153     0.040   0.034  0.070 -0.239  0.121 -0.103  0.012 -0.113
LOG10CRTI    0.117  0.113 -0.054 -0.114     0.055  -0.010 -0.058 -0.113 -0.159 -0.091  0.013 -0.179
LOG10LAII    0.021 -0.310 -0.043 -0.046    -0.358  -0.275  0.046 -0.033  0.158 -0.015  0.085 -0.079
TILTOTI     -0.030  0.007  0.218 -0.085    -0.097  -0.033 -0.107  0.009  0.116 -0.071 -0.188 -0.241
AGEH        -0.028  0.134  0.052  0.086    -0.125  -0.007 -0.033 -0.009  0.095 -0.023  0.121  0.083
CLAIV       -0.045  0.121 -0.178 -0.026     0.093   0.190 -0.079 -0.329  0.041 -0.087  0.034 -0.072
COCRESMX    -0.083  0.006 -0.210  0.096     0.102   0.147  0.235  0.060 -0.050 -0.051  0.078  0.043
CSTAVM       0.113  0.058  0.214 -0.119    -0.004   0.263 -0.183  0.139  0.113  0.053 -0.140 -0.029
DAYLB       -0.139 -0.218  0.203 -0.276    -0.103  -0.173 -0.050 -0.069 -0.037  0.021 -0.087  0.078
DAYLG1G2     0.067 -0.039  0.185  0.024    -0.088  -0.219 -0.144  0.068 -0.050  0.074 -0.092 -0.132
DAYLGEA      1.000  0.074  0.192  0.152    -0.058   0.219 -0.039  0.122  0.032 -0.002  0.014  0.034
DAYLP        0.074  1.000 -0.033 -0.112     0.068   0.199 -0.130  0.021 -0.107  0.009  0.042  0.079
DAYLRV       0.192 -0.033  1.000 -0.024    -0.053   0.118 -0.142 -0.054  0.125 -0.004 -0.079 -0.072
DLMXGE       0.152 -0.112 -0.024  1.000     0.201   0.137  0.208  0.140 -0.063 -0.097  0.173 -0.078
FCOCRESMN   -0.058  0.068 -0.053  0.201     1.000   0.068  0.135  0.010 -0.155 -0.005  0.071  0.095
FSLAMIN      0.219  0.199  0.118  0.137     0.068   1.000 -0.065 -0.124  0.177  0.045 -0.095 -0.057
FWCFC       -0.039 -0.130 -0.142  0.208     0.135  -0.065  1.000  0.010  0.018  0.094  0.213 -0.015
           KLUETILG KRESPHARD  LAICR LAIEFT LAITIL LFWIDG LFWIDV LSHAPE NELLVM PHENCR    PHY RDRROOT RDRSCO
LOG10CLVI     0.146    -0.117 -0.060  0.057  0.062  0.095 -0.040  0.108  0.036 -0.002  0.108   0.233  0.013
LOG10CRESI    0.052    -0.045 -0.100  0.216 -0.043 -0.176 -0.044  0.031  0.034  0.012  0.023   0.077  0.080
LOG10CRTI     0.130    -0.090 -0.113  0.109  0.039  0.087 -0.054 -0.044  0.012 -0.141 -0.109   0.121  0.028
LOG10LAII     0.100    -0.029  0.183  0.003  0.008 -0.179  0.077 -0.110  0.009 -0.018  0.165  -0.111 -0.086
TILTOTI       0.121    -0.098  0.043  0.215 -0.064 -0.011 -0.053 -0.105  0.200  0.049 -0.138  -0.074  0.049
AGEH          0.107     0.050  0.013 -0.088  0.197  0.140 -0.047 -0.054  0.195  0.040 -0.065  -0.109 -0.171
CLAIV         0.160     0.085 -0.018 -0.035  0.198  0.071 -0.064  0.020  0.058 -0.014 -0.090  -0.166  0.082
COCRESMX     -0.162     0.008 -0.136  0.083 -0.083 -0.042 -0.121  0.147 -0.029 -0.003  0.117  -0.054  0.039
CSTAVM       -0.006    -0.149 -0.036 -0.059  0.144  0.043  0.007  0.202 -0.023  0.034 -0.093   0.085 -0.248
DAYLB         0.061    -0.076  0.175  0.087 -0.054 -0.095 -0.029 -0.121  0.031  0.092  0.112   0.357 -0.005
DAYLG1G2      0.041    -0.068 -0.044 -0.035 -0.215  0.067  0.047 -0.157  0.061  0.100  0.072   0.059  0.276
DAYLGEA       0.006    -0.073 -0.014 -0.071  0.078  0.066  0.040  0.153 -0.032 -0.111  0.090   0.038 -0.191
DAYLP        -0.064    -0.141 -0.186 -0.100  0.125  0.123 -0.076  0.104  0.035  0.025 -0.087  -0.079 -0.193
DAYLRV        0.154    -0.099  0.165  0.055  0.041 -0.029  0.039  0.140  0.227  0.156  0.058   0.008 -0.043
DLMXGE       -0.065     0.014 -0.016 -0.210  0.004  0.025 -0.082  0.046  0.112 -0.114  0.045  -0.040  0.140
FCOCRESMN    -0.058    -0.060 -0.036 -0.064  0.152  0.052 -0.045  0.082 -0.046 -0.007 -0.142   0.083  0.074
FSLAMIN      -0.020    -0.008  0.075 -0.204  0.094 -0.091  0.048  0.183 -0.055 -0.033 -0.029  -0.060 -0.227
FWCFC        -0.079    -0.041  0.073  0.007 -0.005  0.054  0.085 -0.075 -0.007 -0.052  0.114   0.021  0.048
           RDRSMX RDRTEM RDRTMIN RGENMX RGRTG1G2 ROOTDM RRDMAX RUBISC SIMAX1T SLAMAX  TBASE  TCRES TOPTGE
LOG10CLVI   0.124  0.072   0.074 -0.002    0.165 -0.020  0.132  0.005   0.120 -0.038  0.143  0.038  0.016
LOG10CRESI -0.040 -0.038   0.122  0.133    0.034 -0.040  0.043 -0.055   0.009 -0.194 -0.060  0.125 -0.074
LOG10CRTI  -0.059  0.005   0.098  0.023    0.187 -0.243 -0.043 -0.041   0.034  0.029  0.212 -0.283  0.050
LOG10LAII   0.091  0.120   0.050  0.032    0.139 -0.067 -0.005  0.121   0.060  0.117  0.057 -0.073  0.055
TILTOTI     0.015 -0.133   0.143 -0.118    0.150  0.034  0.035 -0.197  -0.046 -0.074  0.007 -0.197 -0.024
AGEH        0.053 -0.082   0.117  0.043   -0.025  0.077  0.046 -0.050  -0.009  0.090  0.057  0.149 -0.024
CLAIV      -0.230  0.040   0.088 -0.080    0.112  0.009 -0.010 -0.288  -0.022 -0.022  0.054 -0.025 -0.145
COCRESMX   -0.100 -0.118  -0.178 -0.086   -0.039  0.186 -0.225 -0.028  -0.081 -0.091 -0.010 -0.075 -0.117
CSTAVM      0.239 -0.067  -0.024 -0.134    0.075 -0.014  0.078 -0.181  -0.071 -0.062 -0.128 -0.031  0.128
DAYLB       0.122  0.099  -0.066  0.245    0.085 -0.215  0.079  0.068   0.168 -0.003 -0.015  0.018  0.085
DAYLG1G2    0.008 -0.102   0.019 -0.026    0.007 -0.116  0.017 -0.092   0.079 -0.067 -0.010 -0.006 -0.114
DAYLGEA     0.012  0.133   0.167  0.008    0.172 -0.062  0.017  0.119   0.031  0.009 -0.150 -0.103  0.170
DAYLP      -0.048 -0.149   0.051 -0.227   -0.020  0.125  0.133 -0.054  -0.010 -0.034  0.003 -0.050 -0.110
DAYLRV      0.234  0.114   0.120  0.060    0.011  0.003  0.049 -0.086   0.055 -0.077 -0.138  0.122  0.060
DLMXGE     -0.093 -0.119  -0.047  0.231   -0.047  0.118  0.080 -0.076  -0.011  0.050 -0.016  0.107 -0.012
FCOCRESMN  -0.115 -0.079  -0.272 -0.115   -0.222  0.162 -0.013 -0.014  -0.037 -0.062  0.010  0.053 -0.221
FSLAMIN     0.042  0.137   0.046 -0.093    0.186  0.016  0.162 -0.151  -0.071 -0.080 -0.141 -0.019 -0.048
FWCFC      -0.110 -0.027  -0.098  0.084   -0.070  0.105 -0.093  0.093   0.022 -0.038 -0.016 -0.162 -0.049
           TRANCO  TVERN TVERND VERNDI     YG   WCST
LOG10CLVI  -0.072 -0.036  0.158 -0.014  0.036 -0.019
LOG10CRESI  0.035 -0.028  0.089  0.219  0.007  0.054
LOG10CRTI  -0.013 -0.095  0.118  0.119 -0.104  0.103
LOG10LAII   0.165 -0.027 -0.017 -0.196 -0.170  0.173
TILTOTI    -0.002 -0.005 -0.028 -0.076 -0.009  0.146
AGEH        0.143 -0.053  0.121 -0.107 -0.090 -0.033
CLAIV      -0.084 -0.062 -0.085  0.139 -0.136  0.017
COCRESMX   -0.048  0.085 -0.179  0.238 -0.040 -0.232
CSTAVM     -0.031 -0.064  0.114 -0.092  0.276 -0.013
DAYLB       0.091 -0.166  0.138 -0.081  0.216 -0.067
DAYLG1G2    0.128  0.020 -0.121 -0.051  0.209  0.056
DAYLGEA    -0.095  0.021  0.070  0.088  0.081  0.039
DAYLP      -0.098 -0.001  0.104  0.050 -0.078 -0.151
DAYLRV      0.127  0.043  0.119  0.018  0.180  0.185
DLMXGE      0.023  0.052 -0.234  0.023  0.026  0.016
FCOCRESMN  -0.197  0.162 -0.055 -0.015 -0.018 -0.100
FSLAMIN    -0.080 -0.012 -0.049  0.289  0.084  0.024
FWCFC      -0.052 -0.005 -0.066  0.062 -0.113 -0.252
 [ reached getOption("max.print") -- omitted 37 rows ]
