# # # # # # # # # # # # # # # # # # # # # # # # # 
## MCMC chain summary ## 
# # # # # # # # # # # # # # # # # # # # # # # # # 
 
# MCMC sampler:  DREAMzs 
# Nr. Chains:  9 
# Iterations per chain:  8000 
# Rejection rate:  0.99 
# Effective sample size:  74 
# Runtime:  319.18  sec. 
 
# Parameters
             psf    MAP   2.5% median  97.5%
LOG10CLVI  1.346  1.101  0.821  1.031  1.212
LOG10CRESI 1.645  0.883  0.331  0.929  1.734
LOG10CRTI  1.504  1.017  0.684  0.891  1.265
LOG10LAII  1.441 -1.580 -1.761 -1.052 -0.364
TILTOTI    1.197  0.763  0.427  0.802  1.364
AGEH       2.004  0.656  0.578  0.879  1.285
CLAIV      1.163  0.850  0.471  0.949  1.332
COCRESMX   1.783  1.370  0.910  1.423  1.694
CSTAVM     1.486  0.514  0.348  0.712  1.419
DAYLB      1.320  1.765  0.797  1.613  1.931
DAYLG1G2   2.643  1.030  0.923  0.994  1.054
DAYLGEA    1.746  0.939  0.819  0.947  1.134
DAYLP      1.279  0.814  0.683  0.808  0.966
DAYLRV     1.135  1.092  1.050  1.101  1.179
DLMXGE     1.233  0.806  0.741  0.821  1.026
FCOCRESMN  1.999  0.586  0.193  0.596  1.373
FSLAMIN    1.445  1.002  0.738  1.005  1.247
FSMAX      1.413  0.998  0.907  0.997  1.081
FWCFC      1.225  1.024  0.978  1.061  1.154
FWCWP      1.241  1.325  0.879  1.252  1.523
HAGERE     1.155  1.102  0.926  1.074  1.178
KCRT       1.382  0.159  0.076  0.399  0.791
KLAI       1.273  1.353  0.725  1.093  1.366
KLUETILG   1.197  0.898  0.383  0.892  1.621
KRESPHARD  1.381  0.462  0.138  0.503  1.058
LAICR      1.258  0.822  0.754  0.861  0.986
LAIEFT     1.149  0.819  0.647  0.914  1.272
LAITIL     1.809  1.141  0.831  1.097  1.295
LFWIDG     1.647  0.588  0.216  0.485  1.056
LFWIDV     1.155  0.503  0.251  0.392  0.645
LSHAPE     1.287  0.991  0.755  1.144  1.532
NELLVM     1.221  0.673  0.533  0.702  0.915
PERSDRT    1.200  0.047 -0.545  0.067  0.568
PERSGTIL   1.195 -0.284 -0.701 -0.314  0.063
PERSRES    1.445 -0.214 -0.616 -0.373 -0.090
PHENCR     1.077  0.802  0.501  0.854  1.334
PHY        1.166  1.289  0.961  1.265  1.529
RDRROOT    1.191  0.676  0.297  0.661  1.123
RDRSCO     1.412  1.133  0.512  0.869  1.190
RDRSMX     1.530  1.134  0.586  0.963  1.365
RDRTEM     1.163  1.261  0.676  1.012  1.371
RDRTMIN    1.224  0.940  0.366  0.953  1.600
RGENMX     1.319  1.135  0.501  1.015  1.445
RGRTG1G2   1.222  1.220  0.501  1.208  1.653
ROOTDM     1.140  0.464  0.343  0.562  0.963
RUBISC     1.351  1.021  0.576  0.859  1.289
SIMAX1T    1.262  0.771  0.683  0.961  1.278
SLAMAX     1.182  1.134  1.024  1.181  1.297
TBASE      1.239  1.015  0.837  1.043  1.316
TCRES      1.146  0.542  0.472  0.723  1.100
TOPTGE     1.172  0.925  0.815  0.956  1.130
TRANCO     1.288  0.914  0.485  0.886  1.243
TVERN      1.068  0.660  0.612  0.865  1.155
TVERND     1.474  1.028  0.797  0.991  1.183
VERNDI     1.479  0.883  0.186  1.039  1.852
YG         1.416  0.887  0.804  0.984  1.176
WCST       1.123  0.952  0.855  0.961  1.090

## DIC:  1348.233 
## Convergence 
 Gelman Rubin multivariate psrf:  6.901 
 
## Correlations 
           LOG10CLVI LOG10CRESI LOG10CRTI LOG10LAII TILTOTI   AGEH  CLAIV COCRESMX CSTAVM  DAYLB DAYLG1G2
LOG10CLVI      1.000     -0.021     0.173     0.102  -0.166 -0.212  0.164    0.176 -0.228  0.028    0.085
LOG10CRESI    -0.021      1.000     0.035    -0.119  -0.099  0.439  0.104   -0.066 -0.042  0.004   -0.303
LOG10CRTI      0.173      0.035     1.000     0.052   0.194 -0.398 -0.046   -0.125 -0.046  0.081    0.344
LOG10LAII      0.102     -0.119     0.052     1.000   0.217  0.020 -0.036    0.156 -0.209 -0.189   -0.077
TILTOTI       -0.166     -0.099     0.194     0.217   1.000 -0.225  0.000   -0.235 -0.098 -0.254    0.271
AGEH          -0.212      0.439    -0.398     0.020  -0.225  1.000 -0.111   -0.065  0.041 -0.171   -0.551
CLAIV          0.164      0.104    -0.046    -0.036   0.000 -0.111  1.000    0.119  0.255  0.251   -0.128
COCRESMX       0.176     -0.066    -0.125     0.156  -0.235 -0.065  0.119    1.000 -0.259 -0.094   -0.209
CSTAVM        -0.228     -0.042    -0.046    -0.209  -0.098  0.041  0.255   -0.259  1.000  0.341   -0.062
DAYLB          0.028      0.004     0.081    -0.189  -0.254 -0.171  0.251   -0.094  0.341  1.000    0.049
DAYLG1G2       0.085     -0.303     0.344    -0.077   0.271 -0.551 -0.128   -0.209 -0.062  0.049    1.000
DAYLGEA       -0.036      0.296    -0.353     0.058  -0.165  0.586 -0.092   -0.143 -0.009 -0.210   -0.491
DAYLP         -0.100     -0.096     0.113     0.118   0.120 -0.005  0.108   -0.047  0.080  0.001   -0.054
DAYLRV         0.081     -0.065     0.024     0.084  -0.052 -0.142  0.128   -0.089  0.166  0.140    0.043
DLMXGE        -0.280     -0.022     0.178    -0.104   0.361 -0.121 -0.134   -0.410  0.131 -0.072    0.344
FCOCRESMN      0.222      0.283    -0.212     0.148  -0.215  0.440  0.041    0.384 -0.203 -0.013   -0.523
FSLAMIN       -0.137     -0.197    -0.319    -0.053   0.035  0.100  0.008   -0.005  0.068 -0.054   -0.050
           DAYLGEA  DAYLP DAYLRV DLMXGE FCOCRESMN FSLAMIN  FSMAX  FWCFC  FWCWP HAGERE   KCRT   KLAI
LOG10CLVI   -0.036 -0.100  0.081 -0.280     0.222  -0.137  0.073 -0.070  0.255 -0.029 -0.154  0.043
LOG10CRESI   0.296 -0.096 -0.065 -0.022     0.283  -0.197  0.047  0.059 -0.181 -0.200  0.055 -0.159
LOG10CRTI   -0.353  0.113  0.024  0.178    -0.212  -0.319  0.226  0.184 -0.046  0.095 -0.103 -0.044
LOG10LAII    0.058  0.118  0.084 -0.104     0.148  -0.053 -0.331 -0.022  0.108 -0.116 -0.107 -0.037
TILTOTI     -0.165  0.120 -0.052  0.361    -0.215   0.035 -0.094  0.047 -0.155  0.102 -0.136 -0.040
AGEH         0.586 -0.005 -0.142 -0.121     0.440   0.100 -0.268 -0.140 -0.030 -0.232  0.329 -0.024
CLAIV       -0.092  0.108  0.128 -0.134     0.041   0.008  0.226  0.123  0.168 -0.059 -0.029  0.074
COCRESMX    -0.143 -0.047 -0.089 -0.410     0.384  -0.005 -0.063  0.006  0.204  0.104 -0.275  0.012
CSTAVM      -0.009  0.080  0.166  0.131    -0.203   0.068  0.158  0.071 -0.072 -0.081  0.100  0.003
DAYLB       -0.210  0.001  0.140 -0.072    -0.013  -0.054  0.225  0.107  0.011 -0.056  0.028  0.130
DAYLG1G2    -0.491 -0.054  0.043  0.344    -0.523  -0.050  0.322  0.147 -0.102 -0.012  0.021 -0.262
DAYLGEA      1.000 -0.076  0.000 -0.068     0.377   0.038 -0.259 -0.158  0.016 -0.206  0.134  0.142
DAYLP       -0.076  1.000  0.069  0.115    -0.130  -0.158 -0.093  0.006  0.139 -0.061  0.050 -0.064
DAYLRV       0.000  0.069  1.000 -0.120    -0.052   0.046  0.165  0.112  0.008 -0.074 -0.007 -0.116
DLMXGE      -0.068  0.115 -0.120  1.000    -0.372  -0.251 -0.055 -0.016 -0.125 -0.070  0.172 -0.216
FCOCRESMN    0.377 -0.130 -0.052 -0.372     1.000  -0.067 -0.164 -0.011  0.179 -0.057 -0.227  0.217
FSLAMIN      0.038 -0.158  0.046 -0.251    -0.067   1.000  0.107 -0.112 -0.055  0.131  0.058  0.093
           KLUETILG KRESPHARD  LAICR LAIEFT LAITIL LFWIDG LFWIDV LSHAPE NELLVM PERSDRT PERSGTIL PERSRES
LOG10CLVI    -0.185     0.151  0.003 -0.140  0.324 -0.176  0.090  0.150  0.021   0.013    0.119   0.237
LOG10CRESI   -0.128    -0.085  0.218 -0.020 -0.046 -0.034  0.077  0.302 -0.201   0.187   -0.113  -0.364
LOG10CRTI    -0.131     0.264 -0.194 -0.052  0.006 -0.128  0.018 -0.204  0.258  -0.153    0.026   0.197
LOG10LAII     0.060     0.079  0.008  0.071  0.273 -0.142  0.057 -0.090 -0.147   0.116   -0.192   0.107
TILTOTI       0.053     0.147 -0.048  0.121  0.106 -0.033 -0.108 -0.101  0.208   0.202   -0.195   0.121
AGEH         -0.069    -0.172  0.310  0.100 -0.126  0.078  0.079  0.342 -0.374   0.131   -0.167  -0.462
CLAIV        -0.086    -0.065  0.044 -0.223 -0.026  0.030 -0.032  0.181 -0.081   0.098   -0.026   0.076
COCRESMX     -0.118    -0.201  0.004 -0.030  0.345 -0.181  0.137  0.032 -0.154   0.106    0.014   0.167
CSTAVM        0.213    -0.109 -0.013 -0.176 -0.429  0.329 -0.115  0.044 -0.018  -0.146    0.172  -0.124
DAYLB         0.069    -0.098 -0.083 -0.232 -0.263  0.143  0.150 -0.133 -0.097  -0.219    0.210  -0.025
DAYLG1G2     -0.187     0.272 -0.369  0.001  0.005 -0.026  0.061 -0.384  0.215  -0.366    0.038   0.292
DAYLGEA       0.110    -0.181  0.203  0.062 -0.084  0.092  0.056  0.183 -0.229   0.228   -0.279  -0.246
DAYLP         0.262    -0.023  0.000 -0.065 -0.327  0.079  0.005  0.029 -0.081  -0.056   -0.081   0.160
DAYLRV        0.088     0.000  0.061 -0.032 -0.014  0.103  0.036 -0.032 -0.133  -0.183   -0.044  -0.022
DLMXGE        0.317     0.107 -0.260  0.106 -0.163  0.162 -0.122 -0.175  0.263  -0.151   -0.067  -0.069
FCOCRESMN    -0.186    -0.113  0.260 -0.054  0.279 -0.254  0.234  0.183 -0.384   0.287   -0.069  -0.143
FSLAMIN      -0.121    -0.145  0.178 -0.125  0.021  0.045  0.070 -0.178  0.075   0.011    0.067   0.054
           PHENCR    PHY RDRROOT RDRSCO RDRSMX RDRTEM RDRTMIN RGENMX RGRTG1G2 ROOTDM RUBISC SIMAX1T SLAMAX
LOG10CLVI  -0.059  0.064   0.026  0.070  0.010  0.304   0.070 -0.012   -0.061 -0.171  0.050   0.051  0.164
LOG10CRESI -0.116  0.113   0.132 -0.137 -0.292  0.063  -0.057 -0.115   -0.051  0.083  0.168   0.027  0.052
LOG10CRTI  -0.065 -0.117  -0.024  0.087  0.393  0.176  -0.011 -0.334    0.139 -0.128 -0.113   0.116 -0.104
LOG10LAII  -0.060 -0.141  -0.006  0.035  0.015 -0.110  -0.045 -0.071    0.011 -0.037  0.017   0.237  0.018
TILTOTI     0.019 -0.144  -0.030  0.182  0.157 -0.071   0.096 -0.202    0.060  0.022 -0.101  -0.040 -0.193
AGEH       -0.082  0.112   0.046 -0.141 -0.499 -0.085  -0.023  0.236   -0.042  0.208  0.081  -0.056  0.289
CLAIV      -0.135  0.001   0.044 -0.082 -0.094  0.256   0.283 -0.147   -0.127  0.096 -0.117  -0.121  0.163
COCRESMX   -0.041 -0.001  -0.020  0.106 -0.160  0.249   0.057  0.054   -0.011 -0.156  0.119   0.058  0.046
CSTAVM      0.152  0.131   0.138 -0.217  0.020 -0.084   0.120 -0.017   -0.022  0.077 -0.112  -0.156 -0.038
DAYLB      -0.110 -0.032  -0.047 -0.150  0.183  0.112  -0.068  0.124    0.017 -0.023  0.072  -0.080  0.066
DAYLG1G2    0.095 -0.014   0.238  0.217  0.448  0.043  -0.045  0.030    0.127 -0.297 -0.082   0.007 -0.376
DAYLGEA     0.009 -0.048  -0.079 -0.142 -0.333 -0.243  -0.081  0.036   -0.109  0.373  0.328  -0.035  0.123
DAYLP       0.141 -0.076  -0.009  0.039  0.288  0.039   0.005  0.057   -0.060  0.043 -0.203   0.061  0.119
DAYLRV      0.176 -0.012  -0.045 -0.101  0.037 -0.119   0.094 -0.168   -0.324  0.081 -0.006   0.036  0.047
DLMXGE      0.080  0.099  -0.038  0.137  0.333 -0.031  -0.062  0.071    0.221  0.202  0.028   0.034 -0.215
FCOCRESMN  -0.040  0.000  -0.213  0.055 -0.398  0.126   0.224  0.145    0.049  0.094  0.230  -0.164  0.259
FSLAMIN     0.120 -0.022   0.048  0.049 -0.270 -0.179  -0.077  0.109   -0.223 -0.141 -0.118  -0.066 -0.039
            TBASE  TCRES TOPTGE TRANCO  TVERN TVERND VERNDI     YG   WCST
LOG10CLVI  -0.080 -0.049  0.017 -0.168 -0.080 -0.033 -0.048 -0.087  0.022
LOG10CRESI -0.079  0.069 -0.070  0.068  0.097  0.242 -0.043  0.120  0.002
LOG10CRTI  -0.180  0.174  0.249  0.205  0.013 -0.134  0.179 -0.294 -0.062
LOG10LAII   0.127 -0.005  0.137 -0.156 -0.133  0.076 -0.034  0.166 -0.057
TILTOTI     0.029  0.114  0.141  0.069 -0.124 -0.019  0.084  0.113 -0.133
AGEH        0.093  0.081 -0.110  0.003  0.210  0.374 -0.225  0.259  0.048
CLAIV      -0.105 -0.153 -0.158 -0.103 -0.171 -0.255 -0.146 -0.077  0.072
COCRESMX    0.094  0.024 -0.053 -0.062 -0.185 -0.109 -0.168 -0.016  0.051
CSTAVM     -0.042 -0.152 -0.113  0.094  0.173 -0.045 -0.088 -0.078  0.251
DAYLB      -0.126  0.104 -0.053 -0.021  0.153 -0.098  0.125 -0.292  0.152
DAYLG1G2   -0.229  0.005  0.174  0.131 -0.038 -0.288  0.296 -0.220 -0.079
DAYLGEA     0.154 -0.099 -0.294 -0.041  0.186  0.303 -0.152  0.349  0.060
DAYLP      -0.131  0.038  0.065  0.184 -0.017 -0.204  0.108  0.013 -0.148
DAYLRV      0.072 -0.173  0.000  0.071  0.001 -0.031  0.026 -0.055 -0.082
DLMXGE     -0.153  0.199  0.012  0.105 -0.020  0.023  0.125  0.073  0.077
FCOCRESMN   0.159  0.159 -0.142 -0.167  0.068  0.220 -0.308  0.081 -0.046
FSLAMIN     0.061 -0.111  0.042 -0.016 -0.011  0.123 -0.024  0.198 -0.056
 [ reached getOption("max.print") -- omitted 40 rows ]
