# # # # # # # # # # # # # # # # # # # # # # # # # 
## MCMC chain summary ## 
# # # # # # # # # # # # # # # # # # # # # # # # # 
 
# MCMC sampler:  DREAMzs 
# Nr. Chains:  9 
# Iterations per chain:  8000 
# Rejection rate:  0.993 
# Effective sample size:  64 
# Runtime:  214.95  sec. 
 
# Parameters
             psf    MAP   2.5% median  97.5%
LOG10CLVI  1.440  1.056  0.826  1.086  1.293
LOG10CRESI 1.216  1.110  0.291  1.106  1.627
LOG10CRTI  2.719  1.310  0.751  1.129  1.379
LOG10LAII  1.142 -0.446 -1.576 -0.702 -0.116
TILTOTI    1.054  1.095  0.759  1.126  1.436
AGEH       1.456  1.001  0.526  1.020  1.417
CLAIV      1.206  1.087  0.722  1.129  1.425
COCRESMX   1.130  1.485  0.430  1.056  1.585
CSTAVM     2.104  0.892  0.271  0.904  1.574
DAYLB      1.223  0.980  0.926  0.996  1.069
DAYLG1G2   2.395  1.108  0.909  1.029  1.108
DAYLGEA    1.224  0.170  0.030  0.490  1.363
DAYLP      1.161  0.882  0.833  1.025  1.170
DAYLRV     1.462  0.969  0.945  0.982  1.016
DLMXGE     1.445  1.004  0.974  1.019  1.057
FCOCRESMN  1.493  1.203  0.061  1.348  1.790
FSLAMIN    1.448  0.870  0.779  0.958  1.177
FWCFC      1.325  1.037  0.901  1.024  1.167
FWCWP      1.680  1.223  0.716  1.260  1.540
HAGERE     1.666  1.101  0.895  1.050  1.176
KAGE       1.294  0.747  0.039  0.734  1.676
KCRT       1.689  0.608  0.233  0.493  1.358
KLAI       1.285  0.894  0.679  1.000  1.386
KLUETILG   1.388  0.985  0.081  0.954  1.867
KRESPHARD  1.663  0.811  0.139  0.756  1.433
LAICR      1.242  0.668  0.437  0.583  1.006
LAIEFT     1.536  1.117  0.701  1.011  1.335
LAITIL     1.270  1.046  0.882  1.098  1.268
LFWIDG     1.296  0.569  0.239  0.683  1.481
LFWIDV     1.342  0.470  0.256  0.410  0.826
LSHAPE     1.457  1.012  0.634  1.074  1.560
NELLVM     1.339  0.608  0.527  0.678  0.990
PHENCR     1.500  0.834  0.463  0.892  1.455
PHY        1.540  1.426  0.918  1.299  1.562
RDRROOT    1.446  0.338  0.227  0.522  1.140
RDRSCO     1.342  0.432  0.310  0.663  1.129
RDRSMX     1.580  0.855  0.399  0.999  1.481
RDRTEM     1.412  1.218  0.638  1.072  1.511
RDRTMIN    1.383  0.801  0.298  1.020  1.810
RGENMX     1.609  1.091  0.430  0.990  1.450
RGRTG1G2   1.364  1.573  0.121  1.012  1.870
ROOTDM     1.285  0.418  0.320  0.494  1.232
RRDMAX     1.168  1.491  0.333  0.952  1.649
RUBISC     1.487  0.604  0.474  0.736  1.329
SIMAX1T    1.099  1.123  0.668  0.987  1.360
SLAMAX     1.311  1.152  0.966  1.126  1.278
TBASE      1.463  0.925  0.694  1.040  1.379
TCRES      1.365  0.896  0.520  0.815  1.257
TOPTGE     1.383  1.084  0.753  1.084  1.261
TRANCO     1.303  1.256  0.407  0.826  1.381
TVERN      1.163  0.826  0.628  0.891  1.261
TVERND     1.161  1.195  0.680  0.992  1.218
YG         1.174  0.996  0.768  0.950  1.093
WCST       1.293  1.130  0.940  1.067  1.209

## DIC:  756.625 
## Convergence 
 Gelman Rubin multivariate psrf:  6.905 
 
## Correlations 
           LOG10CLVI LOG10CRESI LOG10CRTI LOG10LAII TILTOTI   AGEH  CLAIV COCRESMX CSTAVM  DAYLB DAYLG1G2
LOG10CLVI      1.000      0.046    -0.173    -0.120   0.060 -0.114  0.135   -0.026 -0.058 -0.134   -0.135
LOG10CRESI     0.046      1.000    -0.224     0.204   0.120  0.003  0.016   -0.034 -0.227  0.157   -0.250
LOG10CRTI     -0.173     -0.224     1.000     0.128   0.121 -0.130 -0.057    0.124  0.499 -0.227    0.664
LOG10LAII     -0.120      0.204     0.128     1.000   0.211 -0.204  0.199    0.084 -0.129  0.124    0.042
TILTOTI        0.060      0.120     0.121     0.211   1.000 -0.071  0.179    0.127  0.060 -0.142    0.114
AGEH          -0.114      0.003    -0.130    -0.204  -0.071  1.000 -0.420   -0.061 -0.212  0.080   -0.126
CLAIV          0.135      0.016    -0.057     0.199   0.179 -0.420  1.000   -0.085 -0.078 -0.200   -0.086
COCRESMX      -0.026     -0.034     0.124     0.084   0.127 -0.061 -0.085    1.000  0.233  0.096    0.117
CSTAVM        -0.058     -0.227     0.499    -0.129   0.060 -0.212 -0.078    0.233  1.000 -0.186    0.526
DAYLB         -0.134      0.157    -0.227     0.124  -0.142  0.080 -0.200    0.096 -0.186  1.000   -0.244
DAYLG1G2      -0.135     -0.250     0.664     0.042   0.114 -0.126 -0.086    0.117  0.526 -0.244    1.000
DAYLGEA       -0.095      0.087    -0.253     0.110  -0.089  0.316 -0.077   -0.379 -0.416  0.144   -0.182
DAYLP          0.060     -0.049    -0.026    -0.217   0.040  0.232 -0.119   -0.016  0.194 -0.015    0.046
DAYLRV         0.245     -0.087    -0.082    -0.165  -0.015  0.103 -0.086   -0.162 -0.234 -0.138   -0.186
DLMXGE         0.207      0.060    -0.271    -0.141  -0.151 -0.052  0.132   -0.160 -0.217  0.187   -0.292
FCOCRESMN     -0.082      0.170    -0.102     0.074   0.173  0.093 -0.080   -0.013 -0.121 -0.143   -0.002
FSLAMIN        0.093      0.200    -0.339    -0.089  -0.024  0.194 -0.004   -0.084 -0.431  0.090   -0.516
FWCFC          0.129      0.113     0.222     0.092  -0.048 -0.188  0.120    0.033  0.200 -0.155    0.081
           DAYLGEA  DAYLP DAYLRV DLMXGE FCOCRESMN FSLAMIN  FWCFC  FWCWP HAGERE   KAGE   KCRT   KLAI
LOG10CLVI   -0.095  0.060  0.245  0.207    -0.082   0.093  0.129  0.196  0.016 -0.171 -0.210  0.254
LOG10CRESI   0.087 -0.049 -0.087  0.060     0.170   0.200  0.113  0.210 -0.353 -0.074  0.190  0.064
LOG10CRTI   -0.253 -0.026 -0.082 -0.271    -0.102  -0.339  0.222 -0.528  0.280  0.156  0.200 -0.085
LOG10LAII    0.110 -0.217 -0.165 -0.141     0.074  -0.089  0.092 -0.078 -0.039 -0.013  0.051 -0.041
TILTOTI     -0.089  0.040 -0.015 -0.151     0.173  -0.024 -0.048 -0.149 -0.192  0.097 -0.114  0.001
AGEH         0.316  0.232  0.103 -0.052     0.093   0.194 -0.188 -0.060 -0.221  0.067 -0.130 -0.301
CLAIV       -0.077 -0.119 -0.086  0.132    -0.080  -0.004  0.120  0.053  0.039 -0.099 -0.294  0.274
COCRESMX    -0.379 -0.016 -0.162 -0.160    -0.013  -0.084  0.033  0.062 -0.016  0.077  0.242 -0.174
CSTAVM      -0.416  0.194 -0.234 -0.217    -0.121  -0.431  0.200 -0.338  0.184  0.210  0.110 -0.064
DAYLB        0.144 -0.015 -0.138  0.187    -0.143   0.090 -0.155  0.249 -0.080  0.142  0.016 -0.010
DAYLG1G2    -0.182  0.046 -0.186 -0.292    -0.002  -0.516  0.081 -0.487  0.106  0.149  0.213 -0.190
DAYLGEA      1.000  0.132  0.003 -0.067     0.268   0.012 -0.173 -0.108 -0.039 -0.138 -0.147 -0.031
DAYLP        0.132  1.000 -0.046 -0.139     0.233  -0.265 -0.411 -0.038 -0.186 -0.068  0.038 -0.136
DAYLRV       0.003 -0.046  1.000  0.252     0.013   0.391 -0.069  0.115 -0.020 -0.273 -0.118 -0.044
DLMXGE      -0.067 -0.139  0.252  1.000    -0.470   0.444  0.268  0.310  0.008  0.069 -0.436  0.242
FCOCRESMN    0.268  0.233  0.013 -0.470     1.000  -0.070 -0.290 -0.011 -0.150 -0.350  0.172 -0.087
FSLAMIN      0.012 -0.265  0.391  0.444    -0.070   1.000  0.066  0.248 -0.173  0.045 -0.239  0.223
FWCFC       -0.173 -0.411 -0.069  0.268    -0.290   0.066  1.000 -0.017  0.345  0.159 -0.084  0.208
           KLUETILG KRESPHARD  LAICR LAIEFT LAITIL LFWIDG LFWIDV LSHAPE NELLVM PHENCR    PHY RDRROOT RDRSCO
LOG10CLVI    -0.160     0.065 -0.104  0.011  0.100  0.225 -0.018 -0.068 -0.115  0.029 -0.027  -0.082  0.181
LOG10CRESI    0.029    -0.020  0.103  0.018 -0.017 -0.123 -0.076  0.227 -0.121  0.126  0.212  -0.033 -0.273
LOG10CRTI     0.016    -0.170  0.045  0.158 -0.029 -0.045  0.205 -0.255 -0.136 -0.258  0.040  -0.300  0.110
LOG10LAII     0.006     0.118  0.201  0.197 -0.235 -0.124 -0.035  0.083  0.083  0.074 -0.054  -0.196 -0.379
TILTOTI      -0.110     0.032 -0.024  0.116  0.053  0.125 -0.043 -0.163  0.125 -0.008  0.212  -0.117 -0.182
AGEH         -0.096    -0.138  0.117 -0.202 -0.034 -0.229  0.114  0.204  0.025  0.155  0.015   0.076  0.007
CLAIV         0.143    -0.110 -0.024  0.155 -0.068  0.165 -0.156 -0.176  0.079 -0.094  0.070   0.023 -0.090
COCRESMX     -0.086     0.116 -0.029  0.092 -0.057 -0.174  0.213 -0.186 -0.206  0.058  0.022   0.019  0.107
CSTAVM        0.026    -0.230 -0.205 -0.010 -0.063  0.190  0.139 -0.391 -0.285 -0.206 -0.029  -0.167  0.193
DAYLB         0.073    -0.032 -0.138 -0.253  0.094 -0.239 -0.127  0.270  0.043  0.280 -0.169   0.083  0.083
DAYLG1G2      0.120     0.099  0.103  0.085 -0.219 -0.198  0.145 -0.203 -0.142 -0.317  0.056  -0.131 -0.130
DAYLGEA      -0.055    -0.124  0.233 -0.154 -0.009 -0.154 -0.097  0.202  0.220  0.384 -0.168   0.049 -0.269
DAYLP        -0.059    -0.102  0.196 -0.030  0.053  0.034  0.163 -0.127 -0.206  0.179  0.155  -0.012  0.072
DAYLRV       -0.168     0.024 -0.097 -0.049  0.125  0.192 -0.105  0.051  0.213 -0.163  0.150  -0.134  0.103
DLMXGE        0.244    -0.156 -0.241 -0.144  0.161  0.213 -0.195  0.119  0.109 -0.035  0.103   0.169  0.204
FCOCRESMN    -0.213     0.230  0.282 -0.047  0.178 -0.132  0.051  0.105 -0.061  0.216  0.134  -0.085 -0.350
FSLAMIN      -0.107     0.061 -0.077 -0.039  0.094  0.227 -0.091  0.162  0.194 -0.022  0.075   0.132  0.014
FWCFC         0.178    -0.174 -0.158 -0.130  0.078  0.031 -0.090  0.025 -0.122 -0.032 -0.147  -0.268  0.173
           RDRSMX RDRTEM RDRTMIN RGENMX RGRTG1G2 ROOTDM RRDMAX RUBISC SIMAX1T SLAMAX  TBASE  TCRES TOPTGE
LOG10CLVI  -0.075  0.027   0.071 -0.094    0.204  0.015 -0.156  0.025   0.056  0.111 -0.331 -0.097 -0.022
LOG10CRESI  0.087  0.102   0.198  0.122   -0.087 -0.282 -0.061  0.192   0.028  0.220  0.093 -0.155  0.026
LOG10CRTI  -0.142  0.059  -0.259  0.487    0.009 -0.295  0.274 -0.119   0.012 -0.125  0.216  0.043  0.251
LOG10LAII  -0.198  0.349  -0.068  0.365    0.034 -0.187  0.283  0.020   0.257  0.228  0.161  0.095  0.008
TILTOTI    -0.145  0.080  -0.154  0.272   -0.039 -0.207  0.079 -0.111   0.065  0.213  0.263  0.156  0.016
AGEH       -0.103  0.033   0.267  0.047   -0.148  0.277  0.022  0.068  -0.052  0.053 -0.196 -0.075  0.050
CLAIV       0.099 -0.001  -0.219  0.000    0.053 -0.374  0.048 -0.301   0.075  0.219  0.008  0.057 -0.033
COCRESMX   -0.145  0.261   0.003 -0.122    0.095 -0.066 -0.297  0.098   0.252 -0.115  0.298 -0.274 -0.180
CSTAVM     -0.083 -0.148  -0.277  0.074    0.157 -0.296  0.041 -0.148   0.008 -0.225  0.175  0.011  0.386
DAYLB       0.153  0.163   0.052 -0.232   -0.057  0.195 -0.142  0.107   0.017 -0.062  0.022 -0.176 -0.169
DAYLG1G2   -0.323  0.049  -0.160  0.460   -0.090 -0.272  0.066 -0.015   0.103  0.028  0.052  0.088  0.188
DAYLGEA     0.052 -0.131   0.207  0.064   -0.309  0.096  0.052  0.040  -0.017  0.093 -0.159 -0.116 -0.110
DAYLP       0.030 -0.042   0.058  0.048    0.001 -0.002 -0.200 -0.142  -0.092 -0.021 -0.017 -0.138  0.109
DAYLRV     -0.048 -0.113   0.198 -0.185    0.122  0.264  0.084 -0.140  -0.246 -0.133 -0.186 -0.036 -0.198
DLMXGE      0.358 -0.050  -0.081 -0.267   -0.061  0.036 -0.005 -0.141  -0.069 -0.002 -0.057 -0.031 -0.193
FCOCRESMN  -0.104 -0.107   0.126  0.180   -0.002 -0.044 -0.016  0.000  -0.138  0.102 -0.007  0.030  0.103
FSLAMIN     0.196  0.057   0.167 -0.290   -0.024  0.142  0.075  0.072  -0.134  0.084 -0.071  0.027 -0.170
FWCFC       0.074 -0.153   0.014 -0.011   -0.101 -0.248  0.171  0.081   0.025 -0.027  0.019 -0.042  0.035
           TRANCO  TVERN TVERND     YG   WCST
LOG10CLVI   0.143 -0.039  0.084 -0.107 -0.242
LOG10CRESI -0.070 -0.039 -0.126  0.017  0.039
LOG10CRTI   0.204 -0.266 -0.090  0.073  0.183
LOG10LAII   0.024 -0.170 -0.198 -0.041  0.177
TILTOTI     0.069  0.009 -0.143 -0.064  0.096
AGEH       -0.104  0.134 -0.168 -0.067 -0.066
CLAIV       0.025  0.163  0.046 -0.086  0.036
COCRESMX    0.240 -0.271 -0.182  0.235  0.009
CSTAVM      0.295 -0.346  0.086  0.217  0.122
DAYLB      -0.289 -0.035 -0.068 -0.050 -0.024
DAYLG1G2    0.228  0.022 -0.204  0.091  0.294
DAYLGEA    -0.186  0.219 -0.200 -0.361  0.108
DAYLP       0.116  0.077 -0.076 -0.010  0.127
DAYLRV     -0.055  0.198  0.008  0.111 -0.101
DLMXGE     -0.325  0.233  0.242  0.088 -0.351
FCOCRESMN   0.133  0.034 -0.244  0.018  0.325
FSLAMIN    -0.234  0.083  0.129  0.044 -0.311
FWCFC      -0.153 -0.111  0.139 -0.058 -0.373
 [ reached getOption("max.print") -- omitted 36 rows ]
