# # # # # # # # # # # # # # # # # # # # # # # # # 
## MCMC chain summary ## 
# # # # # # # # # # # # # # # # # # # # # # # # # 
 
# MCMC sampler:  DREAMzs 
# Nr. Chains:  9 
# Iterations per chain:  16000 
# Rejection rate:  0.993 
# Effective sample size:  49 
# Runtime:  4015.62  sec. 
 
# Parameters
             psf   MAP  2.5% median 97.5%
LOG10CLVI  1.280 1.071 1.053  1.174 1.314
LOG10CLVI  2.180 0.916 0.807  0.963 1.202
LOG10CLVI  1.275 1.396 0.857  1.212 1.384
TILTOTI    1.632 1.249 0.465  1.037 1.594
TILTOTI    1.896 1.401 0.709  1.245 1.523
TILTOTI    1.720 1.039 0.476  0.824 1.472
BD         1.222 1.032 0.940  1.085 1.204
BD         2.207 1.132 0.967  1.064 1.157
COCRESMX   1.572 1.483 0.975  1.430 1.686
CSTAVM     2.026 0.443 0.272  0.630 1.440
DAYLB      1.231 0.893 0.135  0.754 1.831
DAYLG1G2   5.965 0.929 0.923  0.944 1.081
DAYLGEA    1.504 0.988 0.850  0.989 1.127
DAYLP      1.420 0.918 0.728  0.858 1.044
DAYLRV     2.230 1.125 0.918  1.119 1.172
DLMXGE     2.190 0.964 0.715  0.943 1.089
FCOCRESMN  1.804 1.402 0.400  1.384 1.655
FGRESSI    1.384 0.701 0.536  0.670 0.939
FSLAMIN    1.837 1.032 0.686  0.927 1.294
FSMAX      1.291 0.959 0.908  0.978 1.083
HAGERE     2.116 1.066 0.842  1.066 1.191
HARVFRD    2.942 1.354 0.697  1.218 1.418
KCRT       1.789 0.099 0.070  0.280 0.862
KLAI       1.154 0.959 0.786  1.068 1.298
KLUETILG   2.351 0.786 0.438  0.965 1.615
KRESPHARD  1.531 0.554 0.197  0.653 1.656
LAICR      2.111 0.973 0.760  1.022 1.188
LAIEFT     2.368 0.843 0.495  0.846 1.280
LAITIL     2.143 1.052 0.901  1.136 1.283
LFWIDG     1.993 0.417 0.266  0.422 0.816
LFWIDV     3.215 0.186 0.182  0.215 0.482
PHENCR     1.750 0.986 0.570  1.069 1.492
PHY        1.911 1.371 0.604  1.296 1.574
RDRHARVMAX 1.638 0.799 0.325  0.871 1.575
RDRROOT    1.368 0.662 0.269  0.655 0.925
RDRSCO     2.624 0.653 0.151  0.539 1.684
RDRSMX     2.443 0.926 0.650  1.106 1.522
RDRTEM     2.002 0.946 0.576  0.939 1.405
RDRTMIN    2.253 0.597 0.214  0.678 1.193
RDRTILMIN  2.017 0.618 0.240  0.947 1.435
RGENMX     1.726 1.268 0.789  1.109 1.587
RGRTG1G2   4.274 1.555 0.542  1.495 1.837
ROOTDM     1.940 0.297 0.311  0.378 0.559
ROOTDM     1.093 1.188 0.984  1.304 1.588
ROOTDM     1.501 0.962 0.678  1.074 1.391
RUBISC     2.337 1.058 0.845  1.098 1.529
SIMAX1T    1.438 0.678 0.572  0.803 1.236
SLAMAX     3.618 0.859 0.828  0.923 1.195
TBASE      1.545 0.946 0.749  1.071 1.391
TCRES      1.838 0.726 0.576  0.684 1.050
TOPTGE     2.626 0.857 0.784  0.969 1.241
TRANCO     1.644 0.797 0.555  0.823 1.249
TVERN      1.790 1.060 0.964  1.071 1.260
TVERND     1.956 0.775 0.761  0.996 1.234
YG         2.839 1.053 0.847  0.962 1.189
WCST       1.121 1.262 1.160  1.332 1.453
WCST       1.157 1.268 1.207  1.257 1.312

## DIC:  4760.131 
## Convergence 
 Gelman Rubin multivariate psrf:  18.323 
 
## Correlations 
           LOG10CLVI LOG10CLVI LOG10CLVI TILTOTI TILTOTI TILTOTI     BD     BD COCRESMX CSTAVM  DAYLB
LOG10CLVI      1.000    -0.307     0.058   0.279   0.145   0.096 -0.272 -0.230    0.277  0.027 -0.342
LOG10CLVI     -0.307     1.000    -0.165  -0.244  -0.091  -0.459 -0.266 -0.260   -0.452 -0.378 -0.121
LOG10CLVI      0.058    -0.165     1.000   0.149   0.088   0.260  0.045 -0.092   -0.098 -0.023  0.151
TILTOTI        0.279    -0.244     0.149   1.000   0.294  -0.021 -0.175 -0.175   -0.092 -0.073 -0.106
TILTOTI        0.145    -0.091     0.088   0.294   1.000   0.129 -0.116  0.213    0.197 -0.461 -0.159
TILTOTI        0.096    -0.459     0.260  -0.021   0.129   1.000  0.299  0.287    0.336  0.155  0.261
BD            -0.272    -0.266     0.045  -0.175  -0.116   0.299  1.000  0.235    0.031  0.346  0.372
BD            -0.230    -0.260    -0.092  -0.175   0.213   0.287  0.235  1.000    0.232 -0.250  0.297
COCRESMX       0.277    -0.452    -0.098  -0.092   0.197   0.336  0.031  0.232    1.000  0.133 -0.352
CSTAVM         0.027    -0.378    -0.023  -0.073  -0.461   0.155  0.346 -0.250    0.133  1.000  0.096
DAYLB         -0.342    -0.121     0.151  -0.106  -0.159   0.261  0.372  0.297   -0.352  0.096  1.000
DAYLG1G2      -0.207     0.140    -0.198  -0.460  -0.585  -0.080  0.121 -0.155   -0.011  0.497  0.096
DAYLGEA        0.172     0.009     0.276   0.393   0.035  -0.113 -0.094 -0.279   -0.332  0.029  0.003
DAYLP          0.475    -0.383     0.075   0.178   0.072   0.250  0.051 -0.080    0.352  0.263 -0.135
DAYLRV         0.281    -0.396     0.305   0.456   0.632   0.262 -0.041 -0.048    0.085 -0.143  0.031
DLMXGE         0.010    -0.109     0.037   0.196   0.300   0.051 -0.104  0.363    0.176 -0.426 -0.006
FCOCRESMN      0.200     0.297    -0.051   0.238   0.238  -0.465 -0.460 -0.201   -0.156 -0.498 -0.456
           DAYLG1G2 DAYLGEA  DAYLP DAYLRV DLMXGE FCOCRESMN FGRESSI FSLAMIN  FSMAX HAGERE HARVFRD   KCRT
LOG10CLVI    -0.207   0.172  0.475  0.281  0.010     0.200  -0.243   0.279  0.085  0.223  -0.026 -0.033
LOG10CLVI     0.140   0.009 -0.383 -0.396 -0.109     0.297  -0.235  -0.257 -0.062 -0.549   0.156  0.523
LOG10CLVI    -0.198   0.276  0.075  0.305  0.037    -0.051  -0.008  -0.202 -0.020  0.293  -0.100  0.013
TILTOTI      -0.460   0.393  0.178  0.456  0.196     0.238   0.072   0.134 -0.136  0.311  -0.140  0.008
TILTOTI      -0.585   0.035  0.072  0.632  0.300     0.238  -0.112  -0.152  0.248  0.388   0.041 -0.336
TILTOTI      -0.080  -0.113  0.250  0.262  0.051    -0.465  -0.059  -0.056  0.116  0.476   0.177 -0.327
BD            0.121  -0.094  0.051 -0.041 -0.104    -0.460   0.265   0.106 -0.016  0.200  -0.049 -0.325
BD           -0.155  -0.279 -0.080 -0.048  0.363    -0.201   0.039   0.004  0.317  0.061   0.460 -0.461
COCRESMX     -0.011  -0.332  0.352  0.085  0.176    -0.156  -0.168   0.218  0.260  0.269   0.096 -0.539
CSTAVM        0.497   0.029  0.263 -0.143 -0.426    -0.498   0.310   0.348 -0.250  0.194  -0.437 -0.100
DAYLB         0.096   0.003 -0.135  0.031 -0.006    -0.456   0.306  -0.208 -0.083  0.029   0.087  0.052
DAYLG1G2      1.000  -0.349  0.064 -0.587 -0.466    -0.197   0.209   0.081 -0.084 -0.214  -0.272  0.223
DAYLGEA      -0.349   1.000  0.042  0.318  0.016     0.158   0.044  -0.009 -0.387  0.224  -0.112  0.116
DAYLP         0.064   0.042  1.000  0.179 -0.292     0.082   0.004   0.353  0.056  0.368  -0.188 -0.261
DAYLRV       -0.587   0.318  0.179  1.000  0.096     0.068   0.063  -0.159 -0.008  0.579  -0.279 -0.295
DLMXGE       -0.466   0.016 -0.292  0.096  1.000     0.029  -0.226  -0.165  0.186  0.087   0.552 -0.199
FCOCRESMN    -0.197   0.158  0.082  0.068  0.029     1.000  -0.230  -0.127  0.077 -0.217   0.013  0.235
             KLAI KLUETILG KRESPHARD  LAICR LAIEFT LAITIL LFWIDG LFWIDV PHENCR    PHY RDRHARVMAX RDRROOT
LOG10CLVI  -0.068   -0.401     0.080 -0.061 -0.404 -0.038 -0.042 -0.036  0.126  0.132      0.043   0.090
LOG10CLVI  -0.134    0.394     0.256  0.152  0.430  0.127 -0.242 -0.422 -0.214 -0.146     -0.342  -0.258
LOG10CLVI  -0.114   -0.024     0.079 -0.221 -0.096  0.123 -0.039  0.136  0.198 -0.026      0.178   0.099
TILTOTI    -0.168   -0.241     0.180 -0.033 -0.315 -0.002 -0.142 -0.075  0.068 -0.004     -0.035  -0.096
TILTOTI     0.070   -0.338     0.087 -0.089 -0.295 -0.249 -0.234 -0.197  0.183  0.107      0.083  -0.266
TILTOTI    -0.184   -0.186    -0.334 -0.094  0.002 -0.177  0.037  0.169  0.103  0.115      0.369   0.193
BD          0.083   -0.070    -0.358 -0.013  0.094 -0.096  0.185  0.311  0.088 -0.019      0.121   0.251
BD          0.366   -0.091    -0.402  0.058 -0.017 -0.558 -0.120 -0.109 -0.098  0.180      0.082  -0.035
COCRESMX    0.052   -0.208    -0.128 -0.083 -0.321 -0.213  0.057  0.129  0.033  0.084      0.381   0.001
CSTAVM     -0.015    0.088    -0.117 -0.240 -0.109  0.312  0.523  0.604  0.198 -0.096      0.284   0.382
DAYLB       0.130    0.167    -0.204  0.120  0.436 -0.246  0.074  0.107 -0.158  0.194     -0.199   0.177
DAYLG1G2    0.154    0.494    -0.100 -0.201  0.244  0.339  0.389  0.453 -0.121 -0.411      0.213   0.024
DAYLGEA    -0.217   -0.183     0.120 -0.025 -0.127  0.203 -0.092 -0.105  0.018  0.017     -0.109   0.150
DAYLP       0.043   -0.239    -0.104 -0.150 -0.349  0.059  0.182  0.364  0.195 -0.072      0.131   0.214
DAYLRV     -0.102   -0.377     0.231 -0.195 -0.385 -0.052  0.031  0.087  0.248  0.079      0.119  -0.078
DLMXGE      0.005   -0.208    -0.176  0.365  0.050 -0.423 -0.530 -0.562 -0.242  0.436     -0.006  -0.086
FCOCRESMN   0.014    0.035     0.288  0.085 -0.219  0.047 -0.401 -0.340 -0.024 -0.169     -0.314  -0.358
           RDRSCO RDRSMX RDRTEM RDRTMIN RDRTILMIN RGENMX RGRTG1G2 ROOTDM ROOTDM ROOTDM RUBISC SIMAX1T
LOG10CLVI  -0.109  0.220 -0.187  -0.361     0.342  0.438   -0.314 -0.381  0.281  0.110 -0.146  -0.194
LOG10CLVI  -0.308  0.031  0.225   0.463    -0.368 -0.337    0.596  0.315  0.057  0.163  0.307   0.276
LOG10CLVI   0.055  0.015 -0.160  -0.148     0.032 -0.131   -0.169  0.004  0.030 -0.167 -0.280   0.252
TILTOTI     0.040  0.165 -0.404  -0.380     0.095  0.326   -0.250 -0.297  0.093  0.180 -0.399   0.140
TILTOTI    -0.094 -0.169  0.014  -0.288    -0.117  0.103    0.091 -0.197  0.315 -0.100 -0.307   0.051
TILTOTI     0.051 -0.126 -0.049  -0.289     0.085  0.046   -0.238 -0.109 -0.273 -0.423 -0.265  -0.210
BD          0.300 -0.045  0.097  -0.173     0.023 -0.024   -0.276  0.207 -0.429 -0.265 -0.023  -0.188
BD         -0.081 -0.664  0.328  -0.039    -0.381 -0.094    0.316 -0.025 -0.022 -0.495 -0.001  -0.148
COCRESMX   -0.006 -0.084  0.035  -0.274     0.276  0.196   -0.029 -0.337  0.040 -0.055 -0.076  -0.532
CSTAVM      0.438  0.427 -0.345  -0.177     0.537  0.189   -0.504  0.009 -0.322  0.088  0.034  -0.328
DAYLB       0.085 -0.347  0.213   0.118    -0.348 -0.230   -0.059  0.366 -0.282 -0.578  0.273   0.264
DAYLG1G2    0.263  0.265  0.054   0.462     0.111 -0.207   -0.023  0.337 -0.151  0.029  0.485  -0.131
DAYLGEA    -0.023  0.156 -0.319  -0.393     0.136  0.204   -0.250 -0.139 -0.092  0.118 -0.241   0.190
DAYLP       0.327  0.225 -0.198  -0.239     0.451  0.255   -0.403 -0.179 -0.039  0.138 -0.130  -0.471
DAYLRV      0.112 -0.006 -0.264  -0.378     0.069  0.093   -0.304 -0.294  0.129 -0.008 -0.352   0.111
DLMXGE     -0.503 -0.383  0.246  -0.229    -0.278  0.198    0.307 -0.073  0.130 -0.314 -0.133   0.301
FCOCRESMN  -0.147  0.101 -0.103   0.120    -0.133  0.075    0.271 -0.062  0.396  0.356 -0.005   0.065
           SLAMAX  TBASE  TCRES TOPTGE TRANCO  TVERN TVERND     YG   WCST   WCST
LOG10CLVI   0.201  0.148 -0.068  0.097  0.300 -0.006  0.142 -0.112 -0.063 -0.089
LOG10CLVI  -0.356 -0.222 -0.162 -0.128  0.177  0.427  0.095  0.019 -0.068  0.117
LOG10CLVI   0.148  0.127 -0.098 -0.169  0.033 -0.130  0.006  0.048  0.146  0.182
TILTOTI     0.055 -0.055 -0.102 -0.049  0.007 -0.130 -0.091 -0.143  0.087 -0.045
TILTOTI    -0.169 -0.147 -0.151 -0.396 -0.122  0.010 -0.339  0.475  0.252 -0.163
TILTOTI     0.178  0.228 -0.023 -0.260  0.016 -0.257 -0.267  0.135  0.029  0.072
BD          0.134  0.052  0.072  0.245 -0.423  0.012  0.013 -0.038  0.443  0.056
BD         -0.442 -0.157 -0.165 -0.424 -0.329 -0.181 -0.428  0.461  0.038  0.077
COCRESMX    0.138 -0.079  0.188 -0.100 -0.014 -0.165 -0.225  0.222 -0.116 -0.288
CSTAVM      0.577  0.312  0.378  0.555 -0.250 -0.085  0.366 -0.449  0.060 -0.194
DAYLB      -0.195  0.291  0.091 -0.108 -0.280 -0.178 -0.106  0.061  0.032  0.529
DAYLG1G2    0.264  0.324  0.472  0.260 -0.115 -0.142  0.339 -0.263 -0.152  0.038
DAYLGEA     0.073  0.017 -0.255  0.109  0.187  0.014 -0.055 -0.198  0.161  0.056
DAYLP       0.412  0.037  0.162  0.139 -0.095 -0.090  0.170 -0.115 -0.033 -0.229
DAYLRV      0.167  0.084  0.043 -0.201 -0.034 -0.186 -0.235  0.257  0.264 -0.109
DLMXGE     -0.507 -0.258 -0.516 -0.301  0.085  0.027 -0.449  0.494 -0.041  0.265
FCOCRESMN  -0.252 -0.286 -0.117 -0.070  0.139  0.166  0.069  0.028 -0.029 -0.117
 [ reached getOption("max.print") -- omitted 40 rows ]
