# # # # # # # # # # # # # # # # # # # # # # # # # 
## MCMC chain summary ## 
# # # # # # # # # # # # # # # # # # # # # # # # # 
 
# MCMC sampler:  DREAMzs 
# Nr. Chains:  9 
# Iterations per chain:  8000 
# Rejection rate:  0.994 
# Effective sample size:  63 
# Runtime:  268.66  sec. 
 
# Parameters
             psf    MAP   2.5% median  97.5%
LOG10CLVI  1.206  1.015  0.805  1.038  1.228
LOG10CRESI 3.040  1.157  0.135  0.778  1.340
LOG10CRTI  1.524  1.118  0.836  1.095  1.273
LOG10LAII  1.655 -1.140 -1.500 -0.855 -0.175
TILTOTI    1.178  1.106  0.423  1.043  1.406
AGEH       1.614  0.675  0.530  0.806  1.188
CLAIV      1.390  1.343  0.572  1.151  1.540
COCRESMX   2.002  1.425  1.010  1.534  1.688
CSTAVM     1.979  0.788  0.415  0.973  1.596
DAYLB      2.389  1.141  0.839  1.186  1.407
DAYLG1G2   1.833  0.980  0.925  0.967  1.035
DAYLGEA    2.045  0.943  0.896  1.002  1.099
DAYLP      2.476  0.999  0.673  0.784  1.172
DAYLRV     1.356  1.130  1.068  1.132  1.188
DLMXGE     1.995  1.006  0.934  1.009  1.092
FCOCRESMN  1.923  0.466  0.280  0.599  1.273
FSLAMIN    1.399  0.884  0.731  0.910  1.173
FWCFC      2.160  1.008  0.872  0.990  1.066
FWCWP      1.349  1.193  0.756  1.141  1.455
HAGERE     2.010  0.988  0.890  1.025  1.110
KAGE       2.805  0.558  0.039  0.335  0.880
KCRT       1.867  0.482  0.051  0.313  1.006
KLAI       2.624  0.871  0.781  1.095  1.442
KLUETILG   1.653  1.116  0.388  1.162  1.717
KRESPHARD  1.658  0.538  0.172  0.525  1.021
LAICR      2.105  0.775  0.743  0.866  1.106
LAIEFT     1.352  0.558  0.470  0.715  1.110
LAITIL     1.495  1.152  0.904  1.113  1.270
LFWIDG     1.445  0.290  0.208  0.373  0.783
LFWIDV     1.657  0.210  0.186  0.250  0.535
LSHAPE     1.662  1.059  0.807  1.155  1.609
NELLVM     1.347  0.568  0.507  0.662  1.020
PHENCR     1.599  0.892  0.579  0.860  1.196
PHY        1.538  1.159  0.771  1.159  1.533
RDRROOT    1.392  0.401  0.266  0.448  0.856
RDRSCO     1.808  0.885  0.221  0.841  1.603
RDRSMX     1.729  0.839  0.555  0.930  1.326
RDRTEM     1.896  0.916  0.620  0.947  1.344
RDRTMIN    1.716  0.539  0.283  0.903  1.414
RGENMX     1.318  0.549  0.402  0.771  1.356
RGRTG1G2   2.097  1.104  0.429  0.935  1.902
ROOTDM     1.340  0.874  0.503  0.817  1.328
RUBISC     2.614  0.312  0.312  0.508  0.779
SIMAX1T    1.316  0.783  0.585  0.789  1.154
SLAMAX     1.585  1.087  0.977  1.099  1.247
TBASE      1.437  1.139  0.736  1.120  1.338
TCRES      1.464  0.881  0.691  0.998  1.286
TOPTGE     1.560  0.992  0.793  1.014  1.210
TRANCO     1.675  0.917  0.602  0.952  1.361
TVERN      1.372  0.893  0.589  0.805  1.121
TVERND     1.787  0.977  0.748  0.963  1.195
VERNDI     1.343  1.373  0.144  0.834  1.816
YG         2.451  0.953  0.759  0.906  1.068
WCST       2.812  0.797  0.773  0.835  0.942

## DIC:  2207.079 
## Convergence 
 Gelman Rubin multivariate psrf:  16.727 
 
## Correlations 
           LOG10CLVI LOG10CRESI LOG10CRTI LOG10LAII TILTOTI   AGEH  CLAIV COCRESMX CSTAVM  DAYLB DAYLG1G2
LOG10CLVI      1.000     -0.016    -0.030     0.075  -0.076  0.388 -0.171   -0.130  0.136  0.309    0.013
LOG10CRESI    -0.016      1.000     0.132    -0.097   0.364 -0.232 -0.287   -0.073  0.179  0.331    0.281
LOG10CRTI     -0.030      0.132     1.000    -0.274  -0.079 -0.088 -0.022    0.062  0.056 -0.203   -0.004
LOG10LAII      0.075     -0.097    -0.274     1.000   0.288  0.006  0.091   -0.306  0.057  0.205    0.042
TILTOTI       -0.076      0.364    -0.079     0.288   1.000 -0.186 -0.068    0.082  0.133  0.056   -0.032
AGEH           0.388     -0.232    -0.088     0.006  -0.186  1.000 -0.226   -0.058 -0.178  0.025    0.136
CLAIV         -0.171     -0.287    -0.022     0.091  -0.068 -0.226  1.000   -0.182 -0.001  0.040    0.015
COCRESMX      -0.130     -0.073     0.062    -0.306   0.082 -0.058 -0.182    1.000  0.063 -0.252   -0.617
CSTAVM         0.136      0.179     0.056     0.057   0.133 -0.178 -0.001    0.063  1.000  0.512    0.023
DAYLB          0.309      0.331    -0.203     0.205   0.056  0.025  0.040   -0.252  0.512  1.000    0.190
DAYLG1G2       0.013      0.281    -0.004     0.042  -0.032  0.136  0.015   -0.617  0.023  0.190    1.000
DAYLGEA        0.158      0.054     0.187    -0.098   0.074  0.115 -0.186    0.425  0.327 -0.076   -0.286
DAYLP         -0.157      0.581    -0.052    -0.041   0.246 -0.165 -0.226   -0.125  0.240  0.283    0.124
DAYLRV         0.074      0.048     0.269    -0.222  -0.148  0.081 -0.212    0.066  0.119 -0.048   -0.025
DLMXGE         0.149     -0.171    -0.279     0.246  -0.288  0.308  0.137   -0.288 -0.031  0.324    0.206
FCOCRESMN      0.100      0.064    -0.104     0.282   0.141 -0.003  0.255   -0.336  0.328  0.459    0.244
FSLAMIN        0.180     -0.161     0.141    -0.103  -0.236  0.286 -0.010   -0.176  0.077 -0.058    0.312
FWCFC          0.234      0.447     0.046    -0.022   0.354  0.128 -0.383   -0.248  0.234  0.337    0.266
           DAYLGEA  DAYLP DAYLRV DLMXGE FCOCRESMN FSLAMIN  FWCFC  FWCWP HAGERE   KAGE   KCRT   KLAI
LOG10CLVI    0.158 -0.157  0.074  0.149     0.100   0.180  0.234  0.040  0.263 -0.025  0.122  0.144
LOG10CRESI   0.054  0.581  0.048 -0.171     0.064  -0.161  0.447 -0.333  0.565  0.607  0.099 -0.484
LOG10CRTI    0.187 -0.052  0.269 -0.279    -0.104   0.141  0.046  0.085  0.225  0.325  0.018  0.167
LOG10LAII   -0.098 -0.041 -0.222  0.246     0.282  -0.103 -0.022 -0.237 -0.247 -0.122  0.049  0.083
TILTOTI      0.074  0.246 -0.148 -0.288     0.141  -0.236  0.354 -0.392  0.054  0.224  0.086 -0.224
AGEH         0.115 -0.165  0.081  0.308    -0.003   0.286  0.128  0.366  0.014 -0.128 -0.004  0.326
CLAIV       -0.186 -0.226 -0.212  0.137     0.255  -0.010 -0.383  0.007 -0.322 -0.169 -0.022  0.342
COCRESMX     0.425 -0.125  0.066 -0.288    -0.336  -0.176 -0.248  0.188 -0.086 -0.081 -0.301  0.067
CSTAVM       0.327  0.240  0.119 -0.031     0.328   0.077  0.234 -0.310  0.319  0.290 -0.061 -0.114
DAYLB       -0.076  0.283 -0.048  0.324     0.459  -0.058  0.337 -0.192  0.447  0.195  0.300 -0.172
DAYLG1G2    -0.286  0.124 -0.025  0.206     0.244   0.312  0.266  0.020  0.273  0.174  0.261 -0.097
DAYLGEA      1.000  0.023  0.196 -0.302    -0.169   0.171  0.008  0.120 -0.045  0.232 -0.435  0.150
DAYLP        0.023  1.000  0.020 -0.154     0.128  -0.194  0.418 -0.394  0.312  0.437  0.010 -0.523
DAYLRV       0.196  0.020  1.000  0.058    -0.069   0.106  0.141 -0.022  0.210  0.121 -0.047  0.003
DLMXGE      -0.302 -0.154  0.058  1.000     0.345   0.099 -0.028 -0.010 -0.114 -0.243  0.040  0.193
FCOCRESMN   -0.169  0.128 -0.069  0.345     1.000   0.105  0.051 -0.183  0.030  0.051  0.010  0.075
FSLAMIN      0.171 -0.194  0.106  0.099     0.105   1.000  0.090  0.405 -0.002  0.178  0.139  0.179
FWCFC        0.008  0.418  0.141 -0.028     0.051   0.090  1.000 -0.299  0.415  0.443  0.426 -0.426
           KLUETILG KRESPHARD  LAICR LAIEFT LAITIL LFWIDG LFWIDV LSHAPE NELLVM PHENCR    PHY RDRROOT RDRSCO
LOG10CLVI     0.202    -0.040  0.245  0.034  0.188  0.219  0.125 -0.327  0.228  0.145 -0.085  -0.253 -0.014
LOG10CRESI    0.122     0.324 -0.110  0.240 -0.011  0.054 -0.086 -0.016 -0.007 -0.049  0.204  -0.068 -0.454
LOG10CRTI     0.199    -0.001 -0.208 -0.324 -0.240  0.041 -0.027  0.022 -0.051 -0.268 -0.171  -0.070  0.149
LOG10LAII    -0.112    -0.258  0.407  0.412 -0.391  0.099 -0.246 -0.266  0.305  0.218 -0.327  -0.005 -0.390
TILTOTI      -0.057     0.257 -0.167  0.400 -0.101  0.175 -0.155  0.124  0.236 -0.287  0.093   0.099 -0.379
AGEH          0.124    -0.169  0.303 -0.035  0.063 -0.011  0.273 -0.161  0.297  0.421 -0.206   0.028  0.064
CLAIV        -0.206    -0.146 -0.103 -0.107 -0.086  0.091 -0.509 -0.301 -0.251 -0.062 -0.338   0.087  0.283
COCRESMX      0.145    -0.073 -0.263 -0.295  0.342  0.085  0.425  0.311 -0.010 -0.393  0.293  -0.029  0.437
CSTAVM        0.095     0.051  0.164  0.211  0.092  0.190  0.152 -0.377 -0.056 -0.068  0.145  -0.161 -0.184
DAYLB        -0.088     0.086  0.433  0.370  0.093  0.372 -0.125 -0.548 -0.139  0.247 -0.019  -0.278 -0.464
DAYLG1G2     -0.016     0.223  0.113  0.246 -0.285 -0.177 -0.280 -0.183  0.052  0.221 -0.136   0.013 -0.373
DAYLGEA       0.368    -0.054 -0.138 -0.098  0.060 -0.118  0.428  0.068  0.275 -0.189  0.218  -0.182  0.260
DAYLP         0.092     0.186 -0.117  0.280  0.073 -0.150 -0.012 -0.007 -0.054  0.061  0.281  -0.024 -0.530
DAYLRV        0.137    -0.043 -0.001 -0.223  0.064  0.026  0.050 -0.008 -0.117  0.028  0.105  -0.112  0.063
DLMXGE        0.038    -0.333  0.514 -0.113  0.145  0.248 -0.261 -0.318 -0.096  0.524 -0.423   0.044 -0.046
FCOCRESMN    -0.051    -0.097  0.149  0.087  0.035  0.258 -0.384 -0.381 -0.072  0.060 -0.222  -0.103 -0.351
FSLAMIN       0.065     0.082  0.005  0.046 -0.139 -0.162  0.034 -0.251  0.189  0.067 -0.181   0.034  0.086
FWCFC        -0.010     0.348  0.070  0.442 -0.008  0.197  0.059 -0.183  0.136  0.200  0.092   0.006 -0.512
           RDRSMX RDRTEM RDRTMIN RGENMX RGRTG1G2 ROOTDM RUBISC SIMAX1T SLAMAX  TBASE  TCRES TOPTGE TRANCO
LOG10CLVI   0.253  0.243  -0.131  0.157    0.223 -0.086  0.236   0.164 -0.220 -0.199 -0.173 -0.139  0.098
LOG10CRESI -0.126 -0.375  -0.325 -0.277    0.098 -0.239 -0.341   0.181 -0.174 -0.293 -0.107 -0.252  0.299
LOG10CRTI   0.059 -0.363  -0.358 -0.156   -0.464 -0.139 -0.017   0.231 -0.078  0.182  0.065  0.163  0.029
LOG10LAII   0.021  0.254   0.299 -0.043    0.416 -0.021 -0.027  -0.194 -0.027 -0.073  0.284 -0.034 -0.232
TILTOTI     0.184 -0.283   0.090 -0.154    0.125 -0.099  0.050   0.231 -0.156 -0.312 -0.006 -0.030  0.111
AGEH        0.286  0.201  -0.295  0.160    0.067  0.032  0.474   0.221 -0.090  0.038  0.077 -0.203  0.070
CLAIV      -0.173  0.287   0.065 -0.331   -0.029  0.265 -0.415  -0.258 -0.185  0.232  0.082  0.284 -0.107
COCRESMX    0.233 -0.110   0.174  0.326   -0.406 -0.103  0.149   0.045  0.295 -0.098 -0.047 -0.049 -0.032
CSTAVM      0.306  0.204  -0.105  0.042    0.252 -0.331 -0.295  -0.156 -0.291 -0.147  0.226  0.207  0.283
DAYLB       0.014  0.411   0.011 -0.069    0.560 -0.210 -0.382  -0.211 -0.393 -0.349  0.158 -0.068  0.179
DAYLG1G2   -0.212 -0.089  -0.322 -0.327    0.199  0.118 -0.026   0.139 -0.157  0.060  0.035 -0.074  0.196
DAYLGEA     0.490 -0.110  -0.180  0.326   -0.365 -0.307  0.149   0.319  0.002 -0.086 -0.035  0.069  0.287
DAYLP       0.080 -0.088  -0.205  0.016    0.226 -0.301 -0.356  -0.103 -0.150 -0.215  0.054  0.020  0.315
DAYLRV      0.031 -0.023  -0.323  0.003   -0.050 -0.020  0.051   0.102  0.101  0.104 -0.044 -0.145  0.222
DLMXGE     -0.162  0.572  -0.043 -0.189    0.468  0.196 -0.021  -0.122  0.115  0.298  0.270 -0.320  0.051
FCOCRESMN   0.017  0.291   0.036 -0.368    0.458  0.067 -0.166  -0.087 -0.267  0.012  0.384 -0.035  0.103
FSLAMIN     0.259 -0.004  -0.342 -0.100   -0.162  0.221  0.247   0.231 -0.109  0.165  0.221  0.174  0.095
FWCFC       0.228 -0.086  -0.381  0.053    0.269 -0.491  0.057   0.237 -0.303 -0.396 -0.055 -0.008  0.252
            TVERN TVERND VERNDI     YG   WCST
LOG10CLVI  -0.146  0.091 -0.088 -0.115 -0.290
LOG10CRESI  0.067  0.059  0.119  0.357 -0.406
LOG10CRTI   0.021 -0.255 -0.258 -0.133 -0.111
LOG10LAII   0.063  0.285  0.124 -0.187  0.062
TILTOTI     0.137 -0.095  0.124 -0.020 -0.281
AGEH       -0.169 -0.006 -0.157 -0.272 -0.121
CLAIV      -0.046 -0.092  0.432 -0.365  0.149
COCRESMX    0.208 -0.214 -0.091  0.402  0.328
CSTAVM     -0.060  0.108  0.047  0.122 -0.232
DAYLB       0.072  0.179  0.301  0.225 -0.380
DAYLG1G2   -0.278  0.115  0.048 -0.340 -0.296
DAYLGEA    -0.011 -0.148  0.023  0.096  0.135
DAYLP       0.153  0.200  0.179  0.363 -0.322
DAYLRV      0.028 -0.162 -0.289 -0.082 -0.267
DLMXGE      0.093 -0.028  0.015 -0.270 -0.137
FCOCRESMN   0.025  0.114  0.229 -0.244 -0.202
FSLAMIN    -0.505 -0.191 -0.019 -0.386 -0.192
FWCFC      -0.139  0.028 -0.103  0.038 -0.754
 [ reached getOption("max.print") -- omitted 36 rows ]
