# # # # # # # # # # # # # # # # # # # # # # # # # 
## MCMC chain summary ## 
# # # # # # # # # # # # # # # # # # # # # # # # # 
 
# MCMC sampler:  DREAMzs 
# Nr. Chains:  9 
# Iterations per chain:  8000 
# Rejection rate:  0.993 
# Effective sample size:  66 
# Runtime:  292.61  sec. 
 
# Parameters
             psf    MAP   2.5% median  97.5%
LOG10CLVI  1.925  1.083  0.806  1.044  1.131
LOG10CRESI 1.735  0.518  0.270  1.009  1.816
LOG10CRTI  1.542  0.988  0.680  1.032  1.302
LOG10LAII  1.438 -0.770 -1.803 -0.799 -0.238
TILTOTI    1.978  0.649  0.313  0.824  1.300
AGEH       2.138  0.896  0.547  0.899  1.203
CLAIV      2.491  1.104  0.483  0.947  1.421
COCRESMX   1.685  1.174  1.006  1.389  1.657
CSTAVM     1.483  0.993  0.390  0.875  1.419
DAYLB      2.274  1.190  0.721  1.471  1.913
DAYLG1G2   5.061  1.036  0.931  1.019  1.051
DAYLGEA    2.362  0.812  0.812  0.924  1.021
DAYLP      1.673  0.931  0.710  0.879  1.082
DAYLRV     1.381  1.158  1.013  1.125  1.187
DLMXGE     1.442  0.843  0.745  0.835  0.960
FCOCRESMN  1.552  0.552  0.217  0.610  1.164
FSLAMIN    2.568  0.950  0.836  1.062  1.228
FSMAX      1.741  0.972  0.913  1.037  1.119
FWCFC      1.440  1.080  0.914  0.991  1.145
FWCWP      2.123  1.216  0.893  1.302  1.500
HAGERE     2.756  0.924  0.898  0.989  1.141
KCRT       1.361  0.844  0.053  0.511  1.171
KLAI       2.017  0.968  0.659  0.939  1.287
KLUETILG   1.690  1.507  0.491  1.081  1.667
KRESPHARD  1.382  0.406  0.114  0.598  1.427
LAICR      1.219  0.882  0.750  0.837  1.050
LAIEFT     2.462  0.524  0.480  0.896  1.331
LAITIL     2.198  1.089  0.766  1.089  1.297
LFWIDG     1.299  0.434  0.251  0.536  0.970
LFWIDV     1.748  0.395  0.191  0.314  0.599
LSHAPE     3.720  0.667  0.556  1.114  1.439
NELLVM     1.642  0.751  0.531  0.710  0.963
PERSDRT    1.937 -0.298 -0.421 -0.006  0.708
PERSGTIL   1.569  0.335 -0.417  0.228  0.658
PERSRES    1.867 -0.190 -0.405 -0.118  0.286
PHENCR     1.716  1.327  0.821  1.235  1.550
PHY        1.391  1.368  0.804  1.206  1.530
RDRROOT    1.506  0.968  0.316  0.711  1.150
RDRSCO     2.085  1.445  0.261  0.984  1.448
RDRSMX     1.997  0.780  0.637  0.967  1.408
RDRTEM     3.753  0.682  0.484  0.878  1.355
RDRTMIN    2.009  0.321  0.335  1.187  1.644
RGENMX     1.477  0.471  0.263  0.558  1.459
RGRTG1G2   2.366  1.468  0.403  1.170  1.701
ROOTDM     1.491  1.060  0.783  1.067  1.265
RUBISC     2.210  0.797  0.520  0.767  1.085
SIMAX1T    3.591  0.881  0.631  1.051  1.302
SLAMAX     1.302  1.238  0.992  1.168  1.278
TBASE      1.773  1.471  0.708  1.051  1.412
TCRES      1.812  0.707  0.545  0.909  1.179
TOPTGE     2.001  1.126  0.791  1.044  1.219
TRANCO     1.580  0.594  0.451  0.662  1.078
TVERN      1.705  0.726  0.594  0.792  1.072
TVERND     1.385  1.157  0.736  1.015  1.287
VERNDI     1.417  1.434  0.205  1.259  1.905
YG         1.846  0.837  0.738  0.929  1.107
WCST       1.485  0.787  0.748  0.845  0.921

## DIC:  2220.01 
## Convergence 
 Gelman Rubin multivariate psrf:  21.114 
 
## Correlations 
           LOG10CLVI LOG10CRESI LOG10CRTI LOG10LAII TILTOTI   AGEH  CLAIV COCRESMX CSTAVM  DAYLB DAYLG1G2
LOG10CLVI      1.000     -0.090    -0.006    -0.045  -0.159  0.270  0.568   -0.036 -0.243 -0.253    0.434
LOG10CRESI    -0.090      1.000     0.143     0.087  -0.063 -0.109  0.089    0.126  0.168 -0.143    0.271
LOG10CRTI     -0.006      0.143     1.000    -0.428   0.012 -0.172 -0.086    0.166  0.416  0.089    0.038
LOG10LAII     -0.045      0.087    -0.428     1.000  -0.248 -0.071 -0.319   -0.111 -0.407  0.033   -0.326
TILTOTI       -0.159     -0.063     0.012    -0.248   1.000  0.056 -0.041    0.173  0.074 -0.190    0.238
AGEH           0.270     -0.109    -0.172    -0.071   0.056  1.000  0.292   -0.129 -0.078 -0.370    0.200
CLAIV          0.568      0.089    -0.086    -0.319  -0.041  0.292  1.000   -0.048 -0.113 -0.272    0.552
COCRESMX      -0.036      0.126     0.166    -0.111   0.173 -0.129 -0.048    1.000  0.249 -0.073    0.117
CSTAVM        -0.243      0.168     0.416    -0.407   0.074 -0.078 -0.113    0.249  1.000  0.124    0.128
DAYLB         -0.253     -0.143     0.089     0.033  -0.190 -0.370 -0.272   -0.073  0.124  1.000   -0.521
DAYLG1G2       0.434      0.271     0.038    -0.326   0.238  0.200  0.552    0.117  0.128 -0.521    1.000
DAYLGEA       -0.155      0.318     0.292    -0.090   0.012 -0.399 -0.295    0.316  0.140  0.203   -0.080
DAYLP          0.168     -0.073     0.246     0.008  -0.168 -0.046 -0.122   -0.158  0.100  0.345   -0.161
DAYLRV         0.089     -0.100    -0.053     0.020  -0.336  0.050  0.195   -0.215 -0.163 -0.088    0.111
DLMXGE        -0.219     -0.080     0.134     0.112   0.102 -0.068 -0.288    0.043  0.197 -0.041   -0.173
FCOCRESMN      0.396     -0.219    -0.017    -0.177   0.061  0.110  0.359   -0.144 -0.265 -0.034    0.277
FSLAMIN       -0.003     -0.232     0.033     0.124  -0.182 -0.359 -0.264    0.148  0.023  0.588   -0.432
           DAYLGEA  DAYLP DAYLRV DLMXGE FCOCRESMN FSLAMIN  FSMAX  FWCFC  FWCWP HAGERE   KCRT   KLAI
LOG10CLVI   -0.155  0.168  0.089 -0.219     0.396  -0.003  0.007  0.154  0.484 -0.337 -0.080 -0.190
LOG10CRESI   0.318 -0.073 -0.100 -0.080    -0.219  -0.232 -0.147 -0.031 -0.168  0.562 -0.020 -0.190
LOG10CRTI    0.292  0.246 -0.053  0.134    -0.017   0.033  0.022 -0.155 -0.213  0.226  0.168 -0.009
LOG10LAII   -0.090  0.008  0.020  0.112    -0.177   0.124 -0.060 -0.171 -0.250  0.049  0.086  0.094
TILTOTI      0.012 -0.168 -0.336  0.102     0.061  -0.182 -0.188  0.157 -0.149  0.024 -0.177 -0.407
AGEH        -0.399 -0.046  0.050 -0.068     0.110  -0.359 -0.053  0.239  0.184 -0.286 -0.072 -0.060
CLAIV       -0.295 -0.122  0.195 -0.288     0.359  -0.264 -0.031  0.189  0.490 -0.174 -0.085 -0.312
COCRESMX     0.316 -0.158 -0.215  0.043    -0.144   0.148 -0.129  0.191 -0.058 -0.038 -0.225 -0.357
CSTAVM       0.140  0.100 -0.163  0.197    -0.265   0.023  0.032  0.040 -0.266  0.040  0.147 -0.019
DAYLB        0.203  0.345 -0.088 -0.041    -0.034   0.588  0.515 -0.443 -0.049 -0.041  0.064  0.228
DAYLG1G2    -0.080 -0.161  0.111 -0.173     0.277  -0.432 -0.265  0.311  0.358 -0.027 -0.258 -0.353
DAYLGEA      1.000  0.173 -0.275  0.103    -0.231   0.388 -0.072 -0.107 -0.192  0.390 -0.208  0.111
DAYLP        0.173  1.000 -0.125 -0.107    -0.063   0.429  0.181 -0.342  0.018 -0.242  0.096  0.156
DAYLRV      -0.275 -0.125  1.000 -0.158     0.193  -0.107  0.090 -0.139  0.208  0.094  0.064  0.095
DLMXGE       0.103 -0.107 -0.158  1.000    -0.036  -0.145  0.021  0.000 -0.441  0.049  0.066  0.002
FCOCRESMN   -0.231 -0.063  0.193 -0.036     1.000  -0.118  0.194 -0.106  0.347 -0.230 -0.030  0.009
FSLAMIN      0.388  0.429 -0.107 -0.145    -0.118   1.000  0.333 -0.300  0.005 -0.171 -0.120  0.129
           KLUETILG KRESPHARD  LAICR LAIEFT LAITIL LFWIDG LFWIDV LSHAPE NELLVM PERSDRT PERSGTIL PERSRES
LOG10CLVI     0.097     0.188  0.058 -0.276 -0.234 -0.170  0.169 -0.297  0.008  -0.199    0.000  -0.086
LOG10CRESI    0.363    -0.111  0.176 -0.147 -0.102 -0.019 -0.086  0.094  0.433   0.525   -0.188  -0.019
LOG10CRTI     0.020    -0.084  0.186  0.059  0.046 -0.177 -0.195  0.264  0.110   0.333   -0.060  -0.098
LOG10LAII    -0.058    -0.352 -0.230 -0.065  0.405  0.097  0.101 -0.023  0.139  -0.159    0.025   0.021
TILTOTI       0.030     0.143 -0.005 -0.142 -0.194  0.165  0.204 -0.073  0.153   0.021    0.117   0.015
AGEH          0.191     0.218 -0.044 -0.389 -0.372  0.145  0.035 -0.460  0.007  -0.362    0.400  -0.244
CLAIV         0.380     0.199  0.028 -0.403 -0.406 -0.267  0.028 -0.537  0.139  -0.034    0.147  -0.047
COCRESMX     -0.034     0.171  0.103 -0.033  0.069  0.038  0.206  0.076  0.129   0.172   -0.224   0.081
CSTAVM        0.143     0.226  0.124  0.086  0.064 -0.101  0.011  0.116  0.037   0.236   -0.093   0.044
DAYLB        -0.311    -0.167 -0.151  0.560  0.149 -0.115 -0.299  0.287 -0.226  -0.006   -0.209   0.347
DAYLG1G2      0.533     0.310  0.079 -0.540 -0.427 -0.054  0.201 -0.416  0.259   0.055    0.059  -0.139
DAYLGEA      -0.290     0.016  0.254  0.400  0.012  0.111  0.085  0.629 -0.025   0.317   -0.658   0.188
DAYLP        -0.235     0.054 -0.058  0.211 -0.035  0.049  0.043  0.115 -0.181  -0.281   -0.194   0.021
DAYLRV        0.340    -0.072 -0.354 -0.197  0.088 -0.145 -0.180 -0.105  0.035   0.111    0.275  -0.163
DLMXGE       -0.092    -0.099 -0.044  0.055  0.254  0.099  0.160  0.086  0.027  -0.003    0.095  -0.160
FCOCRESMN     0.076     0.045 -0.253 -0.318 -0.157 -0.070  0.111 -0.428  0.087  -0.036    0.335  -0.119
FSLAMIN      -0.494     0.037 -0.112  0.448  0.184 -0.123  0.083  0.326 -0.223  -0.104   -0.401   0.548
           PHENCR    PHY RDRROOT RDRSCO RDRSMX RDRTEM RDRTMIN RGENMX RGRTG1G2 ROOTDM RUBISC SIMAX1T SLAMAX
LOG10CLVI  -0.027 -0.265   0.179  0.052  0.007 -0.008   0.070 -0.106   -0.273 -0.078  0.272  -0.369  0.112
LOG10CRESI -0.023 -0.004  -0.059  0.039  0.103 -0.347  -0.117  0.106   -0.219 -0.383  0.105   0.084 -0.041
LOG10CRTI  -0.488 -0.011  -0.007 -0.070 -0.030  0.041  -0.377  0.079   -0.091 -0.053 -0.023   0.239  0.217
LOG10LAII   0.358  0.301   0.138  0.188  0.037  0.072   0.267 -0.316    0.132 -0.014 -0.128   0.227 -0.138
TILTOTI    -0.067  0.205   0.053  0.003 -0.142 -0.253  -0.086  0.134   -0.107 -0.061  0.240  -0.078 -0.115
AGEH        0.083 -0.102   0.116  0.172 -0.363 -0.447  -0.024 -0.105   -0.143  0.026  0.490  -0.324  0.026
CLAIV       0.070 -0.291   0.074  0.272 -0.038 -0.298   0.052 -0.117   -0.343 -0.039  0.299  -0.553  0.143
COCRESMX   -0.205 -0.062  -0.379 -0.115  0.162 -0.031   0.044  0.137   -0.082 -0.020  0.114   0.116  0.161
CSTAVM     -0.355 -0.212  -0.283 -0.012  0.074 -0.204  -0.308  0.180   -0.072 -0.083  0.131   0.234  0.187
DAYLB       0.196 -0.162  -0.239 -0.164  0.472  0.609   0.126 -0.030    0.099  0.316 -0.448   0.044 -0.242
DAYLG1G2   -0.134 -0.165   0.142  0.090 -0.086 -0.529  -0.125  0.161   -0.391 -0.239  0.531  -0.406  0.268
DAYLGEA    -0.256 -0.056  -0.371 -0.570  0.437  0.273   0.010  0.397   -0.033 -0.306 -0.102   0.360 -0.096
DAYLP       0.096 -0.110   0.009 -0.046  0.278  0.240   0.104  0.013   -0.048  0.063 -0.023  -0.009 -0.210
DAYLRV     -0.108 -0.085   0.234  0.195 -0.403  0.083  -0.060 -0.031   -0.142  0.252 -0.033  -0.055  0.292
DLMXGE     -0.107  0.065   0.070 -0.018  0.033  0.020  -0.281 -0.057    0.222 -0.002  0.113   0.278  0.051
FCOCRESMN   0.092 -0.043   0.274  0.222  0.047  0.039   0.014 -0.073   -0.150  0.129  0.166  -0.381  0.055
FSLAMIN     0.093 -0.221  -0.476 -0.229  0.447  0.594   0.345  0.144    0.014  0.250 -0.410   0.140 -0.058
            TBASE  TCRES TOPTGE TRANCO  TVERN TVERND VERNDI     YG   WCST
LOG10CLVI   0.081 -0.256  0.034  0.193 -0.017 -0.109 -0.225 -0.062 -0.124
LOG10CRESI -0.189 -0.137  0.095  0.182  0.114 -0.216 -0.168  0.039  0.116
LOG10CRTI  -0.197  0.031  0.176  0.209  0.313 -0.365 -0.269  0.283  0.133
LOG10LAII  -0.152 -0.036 -0.163 -0.032 -0.175  0.057  0.251 -0.200  0.180
TILTOTI     0.277 -0.280  0.203 -0.044 -0.003  0.069 -0.056 -0.184 -0.058
AGEH        0.248 -0.441  0.240 -0.173 -0.021  0.236  0.055 -0.474 -0.213
CLAIV       0.177 -0.340  0.139 -0.040 -0.110 -0.037 -0.371 -0.150 -0.160
COCRESMX   -0.187  0.009  0.047  0.158  0.264  0.005 -0.088  0.044 -0.150
CSTAVM      0.082  0.016  0.277 -0.035  0.348 -0.018 -0.081  0.044 -0.012
DAYLB      -0.363  0.331 -0.419 -0.002  0.122 -0.255  0.296  0.227  0.301
DAYLG1G2    0.299 -0.304  0.294  0.177 -0.095 -0.014 -0.412 -0.210 -0.189
DAYLGEA    -0.341  0.394 -0.330  0.426  0.296 -0.303 -0.075  0.394  0.144
DAYLP      -0.103  0.169 -0.274  0.217 -0.013 -0.124  0.021  0.092  0.252
DAYLRV     -0.023  0.057  0.232 -0.183 -0.030 -0.082  0.014 -0.062  0.074
DLMXGE      0.003 -0.011  0.070 -0.029 -0.047  0.132 -0.036  0.046  0.001
FCOCRESMN   0.177 -0.175  0.013 -0.107 -0.394  0.150 -0.079 -0.028  0.052
FSLAMIN    -0.310  0.414 -0.386  0.265  0.121 -0.249  0.096  0.232  0.148
 [ reached getOption("max.print") -- omitted 40 rows ]
