# # # # # # # # # # # # # # # # # # # # # # # # # 
## MCMC chain summary ## 
# # # # # # # # # # # # # # # # # # # # # # # # # 
 
# MCMC sampler:  DREAMzs 
# Nr. Chains:  9 
# Iterations per chain:  16000 
# Rejection rate:  0.983 
# Effective sample size:  184 
# Runtime:  1279.45  sec. 
 
# Parameters
             psf   MAP  2.5% median 97.5%
LOG10CLVI  1.092 1.109 0.897  1.136 1.334
TILTOTI    1.053 0.729 0.447  0.871 1.397
VERNDI     1.114 1.232 0.305  0.910 1.622
ABASAL     1.148 0.826 0.537  1.105 1.696
BASALI     1.050 1.032 0.911  1.066 1.198
BD         1.132 0.986 0.886  1.021 1.157
COCRESMX   1.121 0.986 0.765  1.283 1.672
CSTAVM     1.050 0.959 0.461  0.870 1.306
DAYLB      1.117 1.477 1.060  1.541 1.891
DAYLG1G2   1.150 0.970 0.962  0.993 1.027
DAYLGEA    1.123 0.970 0.842  0.954 1.084
DAYLP      1.105 0.856 0.683  0.816 1.027
DAYLRV     1.113 1.074 0.894  1.050 1.132
DLMXGE     1.044 0.940 0.730  0.849 1.027
FCOCRESMN  1.095 0.447 0.230  0.571 1.203
FGRESSI    1.067 0.911 0.629  0.909 1.217
FSLAMIN    1.149 0.919 0.696  0.904 1.188
FSMAX      1.049 0.978 0.915  0.995 1.090
FWCFC      1.064 0.986 0.926  0.993 1.057
FWCWP      1.060 0.943 0.778  0.992 1.188
HAGERE     1.091 1.067 0.926  1.059 1.162
HARVFRD    1.079 0.946 0.651  1.049 1.390
KCRT       1.097 0.497 0.076  0.428 0.934
KLAI       1.084 1.092 0.759  1.098 1.379
KLUETILG   1.057 0.784 0.405  1.051 1.693
KRESPHARD  1.024 0.436 0.110  0.494 1.210
KTIL       1.178 0.875 0.560  1.172 1.682
LAICR      1.052 0.949 0.759  0.879 1.043
LAIEFT     1.109 0.565 0.502  0.791 1.212
LAITIL     1.127 1.160 0.867  1.107 1.289
LFWIDG     1.084 0.901 0.184  0.737 1.317
LFWIDV     1.122 0.836 0.668  0.945 1.207
PHENCR     1.064 1.012 0.624  1.028 1.405
PHY        1.089 1.228 0.806  1.186 1.511
RDRHARVMAX 1.097 0.745 0.426  0.880 1.425
RDRROOT    1.063 0.618 0.295  0.631 1.022
RDRSCO     1.090 1.096 0.286  0.778 1.346
RDRSMX     1.048 0.969 0.576  1.018 1.454
RDRTEM     1.064 0.843 0.476  0.690 1.048
RDRTMIN    1.123 1.031 0.370  0.904 1.468
RDRTILMIN  1.072 0.553 0.254  0.758 1.371
RDRWMAX    1.092 0.467 0.173  0.464 0.923
RGENMX     1.033 0.878 0.358  0.914 1.501
RGRTG1G2   1.028 1.124 0.441  1.111 1.695
ROOTDM     1.104 0.851 0.528  0.859 1.290
RUBISC     1.098 0.677 0.417  0.637 1.105
SIMAX1T    1.037 1.062 0.660  1.009 1.287
SLAMAX     1.073 1.081 0.918  1.104 1.254
TBASE      1.092 1.138 0.717  1.092 1.387
TCRES      1.081 0.708 0.581  0.750 1.008
TOPTGE     1.062 0.950 0.785  0.979 1.181
TRANCO     1.110 0.878 0.510  0.826 1.213
TVERN      1.109 0.807 0.633  0.751 0.923
TVERND     1.125 1.087 0.796  1.014 1.199
TVERNDMN   1.108 0.859 0.479  1.015 1.647
YG         1.083 0.922 0.772  0.943 1.126

## DIC:  1518.468 
## Convergence 
 Gelman Rubin multivariate psrf:  1.908 
 
## Correlations 
           LOG10CLVI TILTOTI VERNDI ABASAL BASALI     BD COCRESMX CSTAVM  DAYLB DAYLG1G2 DAYLGEA  DAYLP
LOG10CLVI      1.000   0.050  0.059  0.064 -0.052 -0.118   -0.042  0.043  0.091   -0.076  -0.064  0.041
TILTOTI        0.050   1.000 -0.075 -0.011  0.023 -0.100   -0.058  0.009  0.101    0.080  -0.098 -0.027
VERNDI         0.059  -0.075  1.000 -0.110  0.071  0.008   -0.020 -0.118  0.046   -0.127   0.090 -0.036
ABASAL         0.064  -0.011 -0.110  1.000  0.155  0.126    0.120  0.098 -0.205   -0.011  -0.016 -0.094
BASALI        -0.052   0.023  0.071  0.155  1.000 -0.021    0.070 -0.026 -0.041   -0.037   0.046 -0.033
BD            -0.118  -0.100  0.008  0.126 -0.021  1.000    0.087  0.086 -0.058    0.067  -0.012 -0.043
COCRESMX      -0.042  -0.058 -0.020  0.120  0.070  0.087    1.000  0.059 -0.119   -0.129  -0.053 -0.135
CSTAVM         0.043   0.009 -0.118  0.098 -0.026  0.086    0.059  1.000  0.045    0.014  -0.138 -0.004
DAYLB          0.091   0.101  0.046 -0.205 -0.041 -0.058   -0.119  0.045  1.000    0.085   0.047  0.088
DAYLG1G2      -0.076   0.080 -0.127 -0.011 -0.037  0.067   -0.129  0.014  0.085    1.000   0.154  0.151
DAYLGEA       -0.064  -0.098  0.090 -0.016  0.046 -0.012   -0.053 -0.138  0.047    0.154   1.000  0.119
DAYLP          0.041  -0.027 -0.036 -0.094 -0.033 -0.043   -0.135 -0.004  0.088    0.151   0.119  1.000
DAYLRV        -0.062   0.001  0.171 -0.082  0.061 -0.080   -0.121 -0.091  0.060   -0.110   0.098  0.166
DLMXGE        -0.121  -0.149  0.008  0.169 -0.029  0.040    0.146  0.061 -0.412   -0.072   0.099 -0.113
FCOCRESMN     -0.113  -0.001 -0.057  0.008  0.023  0.082    0.085 -0.085 -0.149   -0.030   0.085 -0.105
FGRESSI        0.015  -0.029  0.092  0.088 -0.067  0.054    0.076 -0.058  0.058   -0.077  -0.094 -0.024
FSLAMIN        0.082  -0.002 -0.093  0.159  0.078  0.057    0.052  0.117 -0.195   -0.059  -0.147 -0.104
           DAYLRV DLMXGE FCOCRESMN FGRESSI FSLAMIN  FSMAX  FWCFC  FWCWP HAGERE HARVFRD   KCRT   KLAI
LOG10CLVI  -0.062 -0.121    -0.113   0.015   0.082 -0.036  0.072 -0.003  0.177   0.110  0.202 -0.030
TILTOTI     0.001 -0.149    -0.001  -0.029  -0.002  0.009 -0.015  0.000  0.041   0.000  0.089 -0.051
VERNDI      0.171  0.008    -0.057   0.092  -0.093 -0.038 -0.142  0.014  0.058   0.054 -0.027 -0.020
ABASAL     -0.082  0.169     0.008   0.088   0.159  0.146  0.052  0.097  0.103   0.094  0.052  0.069
BASALI      0.061 -0.029     0.023  -0.067   0.078 -0.003  0.000  0.046 -0.021   0.043  0.036  0.032
BD         -0.080  0.040     0.082   0.054   0.057 -0.055  0.063  0.184 -0.016   0.079 -0.061  0.003
COCRESMX   -0.121  0.146     0.085   0.076   0.052  0.075  0.035  0.002  0.005   0.048  0.096  0.108
CSTAVM     -0.091  0.061    -0.085  -0.058   0.117 -0.105  0.047 -0.011 -0.004  -0.036  0.158  0.140
DAYLB       0.060 -0.412    -0.149   0.058  -0.195 -0.055 -0.065 -0.168  0.073  -0.006 -0.015  0.055
DAYLG1G2   -0.110 -0.072    -0.030  -0.077  -0.059  0.073  0.034  0.020  0.109  -0.041 -0.039 -0.159
DAYLGEA     0.098  0.099     0.085  -0.094  -0.147  0.023  0.019  0.044  0.029   0.052 -0.083 -0.172
DAYLP       0.166 -0.113    -0.105  -0.024  -0.104 -0.091  0.031  0.014  0.072   0.002  0.020 -0.077
DAYLRV      1.000  0.073    -0.014   0.007  -0.095  0.003  0.031 -0.065 -0.174  -0.089 -0.054 -0.051
DLMXGE      0.073  1.000     0.014   0.021   0.013  0.076  0.074  0.022  0.041  -0.073 -0.036 -0.011
FCOCRESMN  -0.014  0.014     1.000  -0.109  -0.012 -0.096  0.026 -0.058 -0.099  -0.029 -0.013 -0.156
FGRESSI     0.007  0.021    -0.109   1.000   0.182 -0.033  0.070  0.082  0.139   0.083 -0.059  0.118
FSLAMIN    -0.095  0.013    -0.012   0.182   1.000 -0.014  0.075  0.147 -0.030  -0.005  0.090  0.047
           KLUETILG KRESPHARD   KTIL  LAICR LAIEFT LAITIL LFWIDG LFWIDV PHENCR    PHY RDRHARVMAX
LOG10CLVI    -0.092     0.034  0.097  0.024  0.037  0.039  0.102 -0.001  0.079 -0.188     -0.014
TILTOTI       0.018    -0.007 -0.086 -0.010 -0.085  0.125 -0.082  0.007 -0.003 -0.123      0.054
VERNDI        0.080    -0.104  0.009 -0.079  0.013  0.107 -0.056  0.048  0.053  0.078      0.063
ABASAL        0.018     0.023  0.077  0.021  0.002 -0.068  0.046  0.092  0.177  0.081     -0.017
BASALI        0.094    -0.021 -0.045 -0.142  0.040 -0.037 -0.076  0.041  0.042  0.121      0.044
BD            0.046    -0.002 -0.012  0.000  0.053 -0.127 -0.023  0.047 -0.031  0.065     -0.016
COCRESMX      0.042    -0.065  0.072 -0.004 -0.043 -0.119 -0.059  0.008  0.113  0.047      0.033
CSTAVM        0.058     0.059  0.055  0.071 -0.107 -0.013  0.068 -0.123 -0.091 -0.077      0.003
DAYLB         0.075     0.003 -0.043 -0.007 -0.132  0.175 -0.040 -0.015  0.036 -0.231     -0.021
DAYLG1G2     -0.046     0.018 -0.030  0.049  0.002  0.028 -0.105  0.158 -0.130  0.071     -0.069
DAYLGEA       0.045     0.011 -0.002 -0.175  0.020 -0.015  0.023  0.185  0.044  0.236     -0.014
DAYLP        -0.020     0.021  0.042  0.033  0.067  0.085  0.144 -0.005  0.069  0.049     -0.174
DAYLRV        0.077    -0.061  0.058 -0.090  0.047  0.037  0.032  0.139  0.009  0.135     -0.091
DLMXGE       -0.026    -0.088  0.170  0.035  0.017  0.031  0.002  0.094  0.019  0.114      0.086
FCOCRESMN     0.090     0.022  0.044  0.023  0.124 -0.099 -0.090  0.045  0.022  0.102      0.137
FGRESSI      -0.106     0.009 -0.037 -0.042  0.015 -0.175 -0.018 -0.014  0.162 -0.016      0.021
FSLAMIN       0.054    -0.025  0.050  0.038  0.007 -0.011  0.113 -0.123  0.027 -0.039      0.061
           RDRROOT RDRSCO RDRSMX RDRTEM RDRTMIN RDRTILMIN RDRWMAX RGENMX RGRTG1G2 ROOTDM RUBISC SIMAX1T
LOG10CLVI   -0.073  0.012 -0.044  0.012  -0.024     0.032  -0.052  0.006    0.087 -0.016 -0.023  -0.010
TILTOTI     -0.007  0.026  0.194  0.033   0.037    -0.077  -0.033  0.058    0.103 -0.018  0.087  -0.092
VERNDI       0.003 -0.013  0.050 -0.095   0.086    -0.064   0.010 -0.065   -0.025 -0.002  0.023  -0.056
ABASAL      -0.050 -0.007 -0.077  0.032  -0.102     0.112   0.047  0.133   -0.068 -0.050  0.063   0.001
BASALI       0.034  0.082 -0.108 -0.030   0.031     0.082  -0.032 -0.127   -0.062 -0.088  0.109   0.118
BD          -0.042 -0.072 -0.008  0.033   0.043     0.052  -0.064  0.034   -0.050  0.046  0.026  -0.077
COCRESMX     0.013 -0.057 -0.056  0.030  -0.083    -0.044  -0.008 -0.123   -0.062 -0.052  0.024   0.020
CSTAVM       0.064  0.036  0.026 -0.039   0.082    -0.037  -0.075 -0.012   -0.069 -0.059  0.032   0.096
DAYLB       -0.018 -0.092  0.186  0.021   0.156    -0.092  -0.198 -0.010   -0.032  0.100 -0.131   0.134
DAYLG1G2     0.061 -0.002  0.111 -0.043   0.112     0.075   0.010  0.170   -0.188  0.042  0.041   0.006
DAYLGEA     -0.063  0.026  0.056  0.009  -0.005     0.067   0.090  0.014   -0.042  0.061  0.080  -0.061
DAYLP       -0.034  0.162  0.103 -0.069  -0.132    -0.071   0.040  0.031   -0.071 -0.024 -0.009  -0.129
DAYLRV      -0.061 -0.040 -0.110  0.117  -0.031    -0.065   0.037  0.048    0.035  0.006  0.089  -0.063
DLMXGE      -0.015  0.015 -0.120  0.063  -0.127     0.008  -0.003  0.036   -0.065  0.096  0.090   0.081
FCOCRESMN    0.057 -0.078 -0.056  0.171  -0.033     0.129  -0.061 -0.015    0.075  0.084  0.013  -0.060
FGRESSI     -0.078 -0.039 -0.027 -0.008  -0.071     0.111   0.044 -0.062   -0.017 -0.160  0.054  -0.083
FSLAMIN     -0.105  0.086 -0.058 -0.074  -0.056     0.007   0.069  0.003    0.026  0.015 -0.068  -0.073
           SLAMAX  TBASE  TCRES TOPTGE TRANCO  TVERN TVERND TVERNDMN     YG
LOG10CLVI  -0.122 -0.109  0.013 -0.028 -0.056 -0.027  0.106    0.000 -0.023
TILTOTI    -0.020 -0.042  0.022  0.086 -0.026 -0.008 -0.053   -0.045 -0.048
VERNDI      0.077  0.042 -0.063  0.085  0.027  0.028  0.093   -0.032 -0.079
ABASAL      0.050 -0.067  0.134 -0.130 -0.003 -0.013  0.021    0.010  0.126
BASALI     -0.062 -0.030 -0.057 -0.015  0.103  0.080 -0.023    0.009  0.040
BD          0.038 -0.029  0.028  0.081  0.003  0.051  0.071   -0.056  0.029
COCRESMX   -0.043  0.100 -0.006 -0.002  0.119 -0.027 -0.153   -0.133  0.132
CSTAVM     -0.169 -0.077  0.067 -0.125 -0.013 -0.137 -0.002   -0.059  0.023
DAYLB       0.013 -0.139  0.060 -0.008 -0.091 -0.079  0.010   -0.029 -0.210
DAYLG1G2    0.115  0.074 -0.060  0.084 -0.047  0.043  0.008   -0.072 -0.055
DAYLGEA     0.065  0.033  0.040  0.007 -0.068  0.161  0.010   -0.003  0.044
DAYLP      -0.024 -0.077 -0.119 -0.007 -0.122  0.102 -0.019    0.116  0.027
DAYLRV      0.073 -0.051 -0.001  0.018 -0.042 -0.078 -0.069    0.026 -0.076
DLMXGE      0.012 -0.007 -0.029 -0.035  0.079  0.099 -0.005   -0.054  0.080
FCOCRESMN   0.065  0.162  0.127  0.066  0.010  0.037 -0.001    0.044  0.087
FGRESSI     0.100  0.053  0.019 -0.032 -0.069  0.053 -0.035    0.026 -0.001
FSLAMIN    -0.150  0.017  0.154 -0.100  0.033 -0.025 -0.119    0.169  0.087
 [ reached getOption("max.print") -- omitted 39 rows ]
